0	4 5
1	5
2	0 4
3	0 4
4	2
5	0 4
6	2
7	2 5
8	0 4
9	3 4
10	5
11	2 0 5
12	0
13	2 4
14	3
15	2
16	1
17	0
18	0
19	1 5
20	1
21	0 5
22	0
23	0 4
24	2
25	2 5
26	4
27	0
28	0
29	0 4
30	5
31	5
32	0 4
33	2 1
34	2 3 4
35	2
36	0
37	4
38	2 1
39	2
40	0
41	0
42	2 5
43	2
44	3
45	0 3 4
46	0 4
47	2 5
48	2
49	0 4 5
50	1
51	4
52	0
53	4 5
54	2
55	2 4 5
56	0 4
57	4 5
58	0 4
59	0
60	5
61	0 4
62	0
63	0
64	2 4
65	5
66	5
67	2 0
68	3
69	2 4 5
70	5
71	2 5 1
72	2 0
73	2
74	2 0
75	5
76	2 5
77	2 1
78	2 1
79	4
80	3
81	0
82	0 4
83	0
84	3 4
85	2
86	0 4
87	3
88	0
89	0 4
90	3 1
91	2 1
92	0
93	0
94	4
95	2
96	0
97	2 5 1
98	4 5
99	0
100	3
101	0
102	0 4
103	2
104	4 5
105	4
106	2 0 4
107	0 4
108	5
109	0 4
110	0
111	2
112	0 4
113	3
114	4
115	4 1
116	0 4 5
117	2 5 1
118	0
119	4
120	0
121	3 1
122	0 4
123	0 4
124	2
125	0 4
126	2 1
127	2
128	0 4
129	0 4
130	0
131	0
132	2
133	3
134	2
135	2 5 1
136	4
137	4
138	2 4 1
139	3
140	5 1
141	3 1
142	2 1
143	0 4
144	5
145	0
146	2
147	0 4
148	2
149	0 4
150	0 4
151	2 4
152	0 4
153	0 5
154	5
155	3
156	2 4
157	4 5
158	2 4
159	0 4
160	2
161	2 0
162	0 4
163	2 1
164	2 0 4 5
165	0
166	0 3
167	2
168	2 4
169	0
170	2 5
171	0
172	2
173	3
174	4
175	2 4
176	5
177	2
178	0
179	3 1
180	0
181	4
182	4 5
183	2 5
184	4 1
185	2 4
186	0 4
187	4
188	2 5 1
189	0 4
190	0 4
191	4
192	0
193	0 4
194	5
195	0 2 5
196	2 5
197	2 5
198	2
199	2 4
200	4
201	0 4
202	0
203	2
204	2
205	2 5 1
206	2 4 5
207	0
208	2
209	2 5
210	0 4
211	0
212	0 4
213	4
214	2 0
215	2 1
216	0
217	0
218	2
219	3 1
220	0 4
221	4
222	0
223	4
224	2
225	2 1
226	2
227	3 4
228	2 5
229	0
230	0 4
231	2 1
232	0 4
233	0 4
234	2
235	2 4 1 5
236	2 5
237	2
238	2 0 4 5
239	2
240	2 5
241	0
242	3
243	0 4
244	0
245	4
246	0 4
247	4 5
248	2 1
249	5
250	2
251	3
252	0
253	0 4
254	5
255	2 4
256	0
257	3
258	5
259	2 3 5 1
260	0
261	0 4
262	0
263	0
264	0 5
265	0
266	4
267	2
268	2 5
269	2 5
270	5
271	2
272	4 1 5
273	0 1
274	0
275	2 4 5
276	0 4
277	2 1
278	2
279	0
280	4
281	2 5
282	0 4
283	4 5
284	5
285	0
286	0
287	4 1
288	4
289	4
290	2 5
291	4
292	3
293	2 0 5
294	2 1
295	1
296	2 1
297	0 4
298	5
299	2 5
300	0
301	3
302	4
303	0
304	2 5 1
305	0
306	4
307	2
308	0 4 1
309	2 5
310	3 4
311	0
312	0 4
313	0 4
314	5
315	2 5
316	2
317	5
318	2 5
319	4
320	0 4
321	2
322	3 4
323	2 5 1
324	0 4
325	2 4
326	0
327	2 4
328	3
329	1
330	2 4
331	5
332	3
333	0 4
334	0 5
335	0 4
336	0 4
337	0
338	0
339	0 4
340	0 4
341	2 0 5
342	0 4
343	0 4
344	0
345	0 4
346	0 4
347	0 4
348	5
349	0
350	0
351	0 5
352	4
353	0
354	0
355	0
356	0
357	0
358	0 4
359	0 4
360	2 0 5
361	5
362	0
363	0 4
364	0 4
365	0
366	0 4
367	4 5
368	0
369	0 4
370	0
371	0
372	0 4 5
373	0 4 5
374	0
375	0
376	2
377	0
378	5
379	0
380	2 5
381	2
382	2
383	0 4
384	2
385	4
386	5
387	5
388	4 5
389	0 4
390	5
391	5
392	5 1
393	5
394	4
395	5
396	5
397	5
398	0
399	2
400	2 3 1
401	0
402	2
403	2 5
404	0 4
405	0
406	0 4
407	0 4
408	0 4
409	5
410	0
411	3
412	4 1
413	4
414	0 4
415	5
416	0
417	0
418	1
419	2 0
420	2 0
421	2
422	3
423	2
424	2 4
425	2 5
426	4
427	2 5 1
428	3
429	2 5 1
430	3
431	4
432	4 5
433	4
434	2 3 5
435	2
436	0
437	0
438	0
439	2 5 1
440	2 0 4 5
441	2 5
442	1
443	2 3 5 1
444	2 5
445	5
446	1
447	2
448	2
449	2 5 1
450	3 1
451	2 3 4 5
452	0 5
453	2
454	2 4
455	2 0
456	0
457	0 4
458	2
459	0 4
460	4
461	2 1
462	0 4
463	0 4
464	2 0
465	5
466	1
467	2 5
468	4
469	0 4
470	3
471	5
472	2 3 4
473	2 5
474	0 4
475	4
476	4 5 1
477	4
478	2 5
479	0 4
480	4
481	0
482	2 5
483	4
484	0
485	2 5
486	0
487	1
488	5
489	2
490	0
491	5 1
492	0 4
493	4
494	4
495	2 3 1
496	3 4
497	3
498	3
499	3
500	3
501	3
502	3
503	3
504	3
505	3
506	3 1
507	3
508	3
509	3
510	0 3
511	3 1
512	3
513	3
514	3
515	3
516	3
517	3
518	3
519	0 4
520	3
521	2 5 1
522	0
523	4
524	4 5
525	2 5
526	5 1
527	2 1
528	2 1
529	2 5 1
530	2 5 1
531	4 5 1
532	2
533	2 4
534	2
535	0 4
536	0 4
537	2
538	2 1
539	2
540	2 3
541	3
542	2 3
543	2 4 1
544	0
545	4
546	2 4 1
547	0
548	4 5
549	3 4
550	2 0
551	0 4
552	0
553	0
554	2
555	2
556	2 4 5
557	2 4
558	2 4
559	3 4 1
560	2
561	0 4
562	4
563	0 4
564	4
565	0 4
566	0
567	4
568	0 4
569	0
570	2
571	0 4
572	2 4
573	2 0 1
574	0 4
575	2
576	0
577	0
578	2
579	0
580	2 5
581	0 4
582	0
583	2
584	2 4 5
585	2
586	0
587	2 0
588	2 4 5 1
589	4
590	0 4
591	5
592	4
593	0 4
594	0 4
595	2 5 1
596	0
597	0 4
598	5
599	2 5
600	0
601	2 0
602	4
603	2 5
604	0 4
605	4 5
606	0 4
607	2
608	0
609	2 4 1
610	4
611	5
612	1
613	2
614	2 5
615	2
616	3 1
617	2 5 1
618	0 4
619	4
620	0
621	0
622	3 1
623	2 4
624	0 5
625	2
626	2 5
627	0
628	4
629	5
630	2
631	5
632	3
633	2
634	0 4
635	2
636	0 4
637	0 4
638	4
639	0
640	3
641	0 4 1
642	1
643	3
644	0
645	0
646	0
647	2
648	0
649	2 1
650	4
651	0
652	2 5
653	4 1
654	0
655	0
656	0
657	2
658	5
659	4
660	2 3 1
661	4
662	0
663	4
664	3 4
665	0
666	2 5
667	2 5 1
668	0
669	0
670	0
671	2
672	2 5
673	5 1
674	0
675	2
676	0 4
677	3
678	2 3 1
679	0
680	2
681	0
682	3
683	2 4
684	0 4
685	1
686	0
687	0 4
688	2
689	2
690	2
691	2 5
692	4 5
693	0
694	0
695	0 4
696	0
697	2 5 1
698	2
699	2
700	0
701	0
702	4 5
703	5
704	4
705	0 4
706	2 4
707	3 1
708	2 4
709	2
710	0
711	0 4
712	1
713	5
714	2 1
715	0 4
716	4 5
717	0 4
718	4 5
719	0 4
720	0 4 5
721	0 4
722	0
723	5
724	0
725	0 4
726	0 4 5
727	2 1
728	0 4
729	0
730	2 0 1
731	2 4
732	0 4
733	3 1
734	2 0
735	0
736	0
737	5
738	0 4
739	0
740	0
741	0
742	0
743	0 4 5
744	2
745	0
746	4 1
747	5
748	4
749	3
750	3
751	3
752	3
753	3
754	3
755	3
756	3
757	3
758	3
759	3
760	3
761	3
762	3
763	3
764	3
765	3
766	3
767	3
768	3 4
769	3
770	3
771	3
772	3
773	2 4
774	2 4
775	2 4
776	3 4
777	3 4
778	2 4 5
779	2 0 4
780	1
781	4 5 1
782	4 5 1
783	2 5
784	4
785	2 5
786	0
787	5 1
788	0
789	3
790	2
791	5
792	1
793	4 5
794	4 1
795	2 4 5
796	5
797	0 5
798	1 5
799	5
800	2
801	4 5
802	3 4
803	4 1
804	4 1 5
805	2 4
806	5
807	2
808	0 4
809	0
810	0 4
811	0
812	0
813	0
814	5
815	5
816	0 4
817	4
818	4 5
819	5
820	5
821	1
822	0 5
823	2 5 1
824	5
825	0 4
826	5
827	5
828	2 5 1
829	3
830	0 4
831	3
832	2 5
833	5
834	1
835	3
836	3
837	3
838	3
839	0 4
840	2
841	0
842	0
843	4 5
844	4 1
845	4 1
846	5
847	5
848	5
849	4 5
850	5
851	0 5
852	0 4
853	0 4
854	0
855	5
856	3 4
857	2 5
858	0
859	3
860	3
861	0
862	2 3
863	0
864	2 4
865	0 4
866	0
867	4
868	0
869	5
870	0
871	2 5
872	2
873	2
874	3 1
875	0 4
876	0 4
877	0 4
878	2 0 4
879	0 4
880	4
881	3 1
882	0 4
883	0 4
884	0 4
885	4
886	4 5
887	0 4
888	0
889	2 4
890	2
891	3
892	2
893	3 1
894	2 3 1
895	0
896	0 4
897	4 5
898	0 5
899	2
900	1
901	3 4
902	0
903	4
904	2 1
905	3
906	3
907	0 4
908	2
909	3
910	0 4
911	0
912	2 5
913	1
914	4
915	2
916	4 5
917	3 1
918	2 3 1
919	2 1
920	2 3 5
921	0 5 1
922	5 1
923	0 4
924	2 5
925	4
926	2 5
927	2 5
928	3 1
929	5
930	0 4
931	4
932	3
933	4
934	2 0 1
935	0 4
936	5
937	2 5
938	2 5
939	2 5
940	2 0 4 5
941	2 0 4 5
942	4 1
943	2
944	2
945	2
946	2
947	0
948	2 5
949	2 5
950	0 4
951	0 4
952	2
953	3 1
954	2 5
955	5
956	4
957	0
958	0
959	3
960	4
961	3 1
962	4 5 1
963	3 1
964	3 1
965	3 1
966	2 4
967	3
968	3 4
969	3
970	2 0 4
971	4
972	2 4 5
973	2
974	2
975	5
976	0
977	0 4
978	0 4
979	2
980	0 4
981	0 4
982	0
983	4 1
984	0 4
985	4 1
986	0 4
987	3 4
988	3
989	3
990	3
991	2
992	2 5
993	2 3 1
994	1
995	2 1
996	2 5 1
997	2 1
998	2 1
999	2 1
1000	2 1
1001	2 1
1002	2
1003	2
1004	5
1005	2
1006	3
1007	2 1
1008	3
1009	3
1010	3 1
1011	0 4
1012	0 4
1013	3
1014	0
1015	2
1016	0 4
1017	0
1018	2 1
1019	0 4
1020	4
1021	0 4
1022	2 4
1023	0 4
1024	0 1
1025	0 4
1026	2 1
1027	2 3 5 1
1028	3 4
1029	3 4 1
1030	2 3 1
1031	5 1
1032	2
1033	2 3 4 5
1034	0
1035	2 1 5
1036	2 5 1
1037	0 4
1038	4
1039	0 3
1040	3
1041	3
1042	3
1043	3
1044	3
1045	2 5 1
1046	2 1
1047	2 5 1
1048	2 5 1
1049	3
1050	3
1051	3
1052	3 1
1053	3
1054	3
1055	3
1056	3
1057	3
1058	3
1059	3
1060	3 1
1061	3 4 1
1062	1
1063	4
1064	1
1065	2 1
1066	1
1067	3 1
1068	1
1069	1
1070	3 1
1071	3 1
1072	0 4
1073	1
1074	0 4
1075	0 4
1076	0 4 1
1077	2 4 5
1078	4
1079	5
1080	0 4
1081	2
1082	0 4
1083	3 4
1084	2 4 1
1085	0
1086	0 4
1087	3
1088	0 4
1089	2 4 1
1090	4 1
1091	4
1092	3
1093	2 4 5
1094	2 3 1
1095	2 4
1096	0 4
1097	2 0
1098	0
1099	0
1100	0 4 5
1101	5
1102	2 4 5
1103	2
1104	3 1
1105	2
1106	3 4
1107	3 4
1108	2 4 5
1109	4
1110	2
1111	1 5
1112	3
1113	2
1114	4
1115	0 4
1116	0
1117	4
1118	3 4
1119	3
1120	3
1121	3
1122	3
1123	3
1124	3
1125	4
1126	3
1127	3
1128	4
1129	0 4 5
1130	0 4
1131	5
1132	0
1133	2 0
1134	0
1135	0 4
1136	2 1
1137	2 1
1138	2
1139	3
1140	2
1141	2
1142	2
1143	2
1144	0
1145	0 5
1146	2 5
1147	3 1
1148	0 4
1149	2 4 5
1150	0 4
1151	3
1152	0 5
1153	4
1154	3
1155	3
1156	3 4
1157	3
1158	5
1159	5
1160	0
1161	0 4
1162	0
1163	2 4 5
1164	2 4 5
1165	2
1166	0 4
1167	0
1168	4
1169	2 4 5
1170	2
1171	2 5
1172	5
1173	3
1174	3 1
1175	3
1176	2 5
1177	0
1178	4 1
1179	2 5 1
1180	0
1181	4
1182	2 4
1183	0
1184	0
1185	0 4
1186	0 4 5
1187	0
1188	2
1189	2 5
1190	2 5
1191	2 5
1192	0 5
1193	2
1194	2
1195	2
1196	4
1197	0 4
1198	2
1199	5
1200	4 5 1
1201	5
1202	3
1203	0 4
1204	3
1205	2 1
1206	2 1
1207	4 5
1208	2 5
1209	2 5
1210	2 5
1211	2 5
1212	3
1213	0
1214	0 4
1215	1
1216	3 4
1217	3
1218	3
1219	3 4 1
1220	2
1221	0 4
1222	3 1
1223	2
1224	2 5
1225	4
1226	2 1
1227	4 1
1228	5
1229	4
1230	0
1231	4
1232	4 5
1233	1 5
1234	3 1
1235	2
1236	2
1237	4 5 1
1238	0 4
1239	0
1240	3
1241	4
1242	0 3
1243	2 5
1244	0 4
1245	0
1246	4
1247	0 4
1248	0 4
1249	0
1250	0
1251	2 4
1252	0
1253	2
1254	0 4
1255	2 3
1256	4 5
1257	0
1258	4
1259	0
1260	4
1261	2
1262	2 5
1263	0 4
1264	0
1265	0 1
1266	0
1267	4
1268	2
1269	5
1270	4
1271	5
1272	5
1273	4 5 1
1274	4
1275	2 4
1276	5 1
1277	0
1278	2 0
1279	0 4
1280	4
1281	2
1282	0
1283	5
1284	2 4
1285	0 4
1286	0 4
1287	4
1288	4
1289	4
1290	0 4
1291	2
1292	0
1293	0 5
1294	0 4
1295	2 3 4
1296	2
1297	2 4
1298	0 1
1299	0 4
1300	3 4
1301	2
1302	2
1303	0 4
1304	5
1305	1
1306	3
1307	3 1
1308	4
1309	3
1310	2
1311	2
1312	4
1313	4
1314	4 1
1315	3 1
1316	0 4
1317	5
1318	1
1319	3
1320	0
1321	0 4
1322	0
1323	0 4
1324	0
1325	2
1326	2
1327	4
1328	2 5
1329	0 5
1330	0 4
1331	4 5
1332	5
1333	0 4
1334	2
1335	2
1336	2 5
1337	5
1338	0
1339	4 5
1340	5
1341	4
1342	0
1343	2
1344	2
1345	2
1346	2
1347	2
1348	0
1349	2 4 1
1350	2
1351	2 4 5
1352	2
1353	2
1354	2
1355	2 0
1356	0
1357	0 4
1358	0
1359	3
1360	4
1361	0 4
1362	1
1363	5 1
1364	3
1365	1
1366	0
1367	3
1368	0 5
1369	0
1370	0 4
1371	4 5
1372	3
1373	0 4 5
1374	5
1375	3
1376	0 4
1377	2 5
1378	0
1379	0 4
1380	2
1381	2
1382	0 4
1383	4
1384	2 1
1385	0
1386	3
1387	0 4
1388	0
1389	3
1390	0 4
1391	3
1392	4
1393	2
1394	0
1395	0 4
1396	2 3
1397	3 1
1398	2 3 1
1399	0
1400	2 5
1401	2 0
1402	2 1
1403	0
1404	0 4
1405	0 4
1406	4 5
1407	0
1408	0 5
1409	0 4
1410	0 4
1411	4
1412	3
1413	2 5
1414	2 4 5
1415	2 0
1416	3
1417	2 0 5
1418	2 5
1419	2 5 1
1420	2 5
1421	2
1422	4
1423	3 1
1424	3
1425	2 5
1426	1
1427	3 1
1428	3 1
1429	3 1
1430	2 4
1431	0
1432	4
1433	5
1434	0 4
1435	2
1436	2
1437	0
1438	0 4
1439	3 1
1440	3 4
1441	3 4 1
1442	2 1
1443	2 1
1444	0 5 1
1445	1
1446	1
1447	2 5 1
1448	2 5 1
1449	2 5 1
1450	2 0 4
1451	3
1452	0
1453	3
1454	3
1455	2 4
1456	4
1457	2 4
1458	2
1459	0 4
1460	4
1461	3
1462	3
1463	0 4
1464	2 4 5
1465	2
1466	2 1 5
1467	0 4
1468	4 5
1469	2
1470	4 5
1471	3
1472	1
1473	2
1474	2
1475	2
1476	0
1477	2
1478	2
1479	2
1480	2
1481	3 1
1482	0 4
1483	4
1484	1
1485	3 4
1486	2 5 1
1487	0
1488	3
1489	2 1
1490	2 5
1491	4
1492	4
1493	0
1494	0 4
1495	3 1
1496	2 4 5 1
1497	4
1498	0 4
1499	3 4
1500	3
1501	0 5
1502	2 4
1503	2 3 1
1504	3
1505	2 4
1506	4
1507	3
1508	4
1509	3
1510	2 0 4
1511	0 4
1512	3
1513	2 5
1514	3 1
1515	2
1516	0 4
1517	0
1518	2 5
1519	0 4
1520	2 4
1521	4
1522	4
1523	2 5
1524	3
1525	0 4
1526	4
1527	0
1528	3 1
1529	4
1530	5 1
1531	5 1
1532	3 4
1533	3 5 1
1534	3 1
1535	1
1536	3
1537	1
1538	4
1539	2
1540	2
1541	0 4
1542	3
1543	2 5 1
1544	2 4
1545	5
1546	4
1547	2 4
1548	0
1549	2 1
1550	0
1551	2 5
1552	2 1
1553	0
1554	0
1555	0
1556	1
1557	2 0
1558	5
1559	2 5
1560	5
1561	2
1562	2 5
1563	1 5
1564	4
1565	0
1566	4 1
1567	4 5
1568	0 4
1569	0 4
1570	0
1571	4 5
1572	3
1573	0
1574	4
1575	0
1576	3
1577	0
1578	2
1579	2 5
1580	2 4
1581	4 5
1582	0
1583	0 4
1584	0 4
1585	2
1586	2
1587	2 4
1588	0
1589	0 4
1590	0
1591	0 4
1592	4 1
1593	4
1594	0 4
1595	2 4
1596	2 4
1597	2 0
1598	0
1599	0 4
1600	0 1
1601	3
1602	2 5
1603	3
1604	2
1605	4
1606	2 4 5 1
1607	3
1608	4 1
1609	3 4
1610	0
1611	0 4 1
1612	2 5 1
1613	3 4 5
1614	3 4
1615	0 4
1616	3
1617	0
1618	0
1619	3
1620	0 4
1621	0 4
1622	0
1623	0 4
1624	2
1625	0
1626	2 4
1627	2
1628	0 4
1629	4
1630	4
1631	0 4
1632	0 4
1633	0 4
1634	0
1635	3
1636	3 1
1637	4
1638	1
1639	2
1640	2
1641	2
1642	0 4
1643	2 3
1644	3 1
1645	4
1646	3
1647	2
1648	0 4
1649	0 4
1650	0 4
1651	2 4 5
1652	4
1653	2
1654	0
1655	0 4
1656	0 4 5
1657	1
1658	0
1659	2
1660	2
1661	3
1662	0 4
1663	2 4 5
1664	0
1665	2 5 1
1666	5 1
1667	0 4
1668	0 4
1669	0 4
1670	0
1671	2
1672	0
1673	2 0 4
1674	0
1675	0 4 5
1676	0
1677	2 0
1678	0 4
1679	4
1680	4
1681	5
1682	5
1683	0
1684	2 5
1685	0
1686	4 1
1687	2
1688	0
1689	4
1690	2
1691	2
1692	2
1693	0 4
1694	0 4
1695	3
1696	0 4
1697	2
1698	5
1699	2 5
1700	2
1701	5 1
1702	0
1703	4
1704	0 4
1705	2
1706	4
1707	0 4
1708	2 4
1709	2 4
1710	2 4
1711	4
1712	2 0 4
1713	3
1714	3 4 1
1715	1
1716	1
1717	4
1718	1
1719	0
1720	0 4
1721	3
1722	3
1723	2 0
1724	2
1725	2 4
1726	2 1
1727	2
1728	5 1
1729	0 4
1730	2
1731	0 4
1732	2
1733	4 5
1734	0 4
1735	4
1736	4 5
1737	3 1
1738	0
1739	2
1740	0 4
1741	4 1
1742	3 4 1
1743	2 3 4 1
1744	2
1745	4
1746	0
1747	0
1748	4
1749	4
1750	3
1751	3
1752	0 4 1
1753	2
1754	2
1755	3 4 1
1756	5
1757	0
1758	0 4
1759	3
1760	2
1761	2 5
1762	4 1
1763	4 1
1764	2 4
1765	2 3 1
1766	2 1
1767	0 4
1768	3 1
1769	3 4
1770	0
1771	2 5
1772	2 5
1773	2 5
1774	2
1775	4 5 1
1776	2
1777	4
1778	2
1779	4 5
1780	3 4
1781	0 4
1782	2 1
1783	2 4
1784	0 4
1785	4 1
1786	4 5
1787	2
1788	2
1789	0
1790	0 4
1791	0 4
1792	4
1793	2 4
1794	2
1795	3 1
1796	2 5
1797	0 4
1798	4
1799	1
1800	0 1
1801	4
1802	2
1803	2
1804	2
1805	3 4
1806	2 4
1807	2
1808	2
1809	2 5 1
1810	0 4
1811	2
1812	2 5 1
1813	3
1814	2
1815	4 5
1816	2
1817	4
1818	0 4
1819	3
1820	0 4
1821	3
1822	3
1823	0 4
1824	2 4
1825	2 4
1826	3 4
1827	2 3
1828	4 5
1829	3
1830	4 5
1831	4
1832	2 1
1833	0
1834	0 4
1835	2 4
1836	4 5
1837	1
1838	3
1839	2 4
1840	4
1841	0 2 4
1842	3
1843	2 4
1844	3
1845	0
1846	4
1847	4 5
1848	3 1
1849	0 4
1850	0 1
1851	0 4
1852	0 4
1853	3
1854	0 4
1855	2
1856	2
1857	3
1858	3
1859	2 0 5
1860	4
1861	3
1862	0
1863	2 5 1
1864	0 4
1865	3
1866	0 4 5
1867	0 4
1868	0 4
1869	4
1870	2 0 5
1871	2 0 4
1872	4
1873	5 1
1874	0 4
1875	5
1876	0 4
1877	2 5
1878	3
1879	0 4
1880	4
1881	0
1882	3
1883	0
1884	0 4
1885	2 4
1886	3
1887	2
1888	2
1889	3
1890	2
1891	4
1892	1
1893	3
1894	1
1895	2 4
1896	4 5
1897	2 1
1898	0 4
1899	3
1900	2 5 1
1901	5
1902	4 5
1903	4
1904	2
1905	4 1
1906	0
1907	3
1908	2 5
1909	0
1910	0
1911	0
1912	5
1913	2
1914	2
1915	5
1916	2
1917	2 1
1918	2 5 1
1919	5 1
1920	2
1921	2
1922	2
1923	2
1924	4 1
1925	5 1
1926	0 2 4 5
1927	2
1928	5
1929	1
1930	0 4
1931	0 1
1932	4 5 1
1933	2 1
1934	1
1935	5
1936	4
1937	4 5
1938	0 4
1939	0 4
1940	5
1941	0 4
1942	0
1943	3 1
1944	5
1945	0
1946	0
1947	2
1948	4 5
1949	2
1950	0
1951	0
1952	0
1953	4 1 5
1954	2
1955	2
1956	2 4
1957	0
1958	4
1959	0
1960	5
1961	2 5
1962	2 5
1963	2 1
1964	4 5
1965	2 4
1966	1
1967	2
1968	4
1969	0
1970	1
1971	2 0 5
1972	3
1973	0
1974	4
1975	4 5
1976	0 4
1977	0
1978	0
1979	0
1980	0 4
1981	2 0 4
1982	2
1983	2 1
1984	4
1985	3
1986	0 4
1987	5
1988	4
1989	5
1990	0 4
1991	0
1992	3
1993	4
1994	5
1995	3 1
1996	0 4
1997	2
1998	2 5
1999	2
2000	2
2001	0
2002	0 4
2003	0 4
2004	2 4
2005	2 5 1
2006	0 4
2007	0
2008	2 1
2009	2
2010	3
2011	3 5
2012	3 5
2013	3 4
2014	1
2015	3 4
2016	5
2017	2
2018	4
2019	4
2020	2 4 1
2021	4 5
2022	2 3 1
2023	2 4
2024	0
2025	5
2026	3 4
2027	4
2028	4
2029	4
2030	2 1
2031	2
2032	0 4
2033	2 4
2034	2 5
2035	4 1
2036	2 4
2037	2 4
2038	2 4
2039	4
2040	2 3
2041	5
2042	3
2043	2 5 1
2044	0
2045	0
2046	2
2047	0 4
2048	0 4
2049	4
2050	0 4
2051	0 4
2052	0 4
2053	2 5
2054	2 5
2055	2 5
2056	0 4
2057	3 4 1
2058	3
2059	0 4
2060	3 4
2061	3
2062	2 5
2063	0
2064	3 1
2065	0 4
2066	0
2067	5
2068	0 4
2069	2 5
2070	3
2071	0
2072	2 5 1
2073	3 1
2074	5
2075	5
2076	5
2077	5
2078	2 4
2079	2
2080	0 4
2081	2 5 1
2082	0 4
2083	3
2084	5
2085	2
2086	5
2087	0 4
2088	4 1
2089	5
2090	0
2091	2
2092	1
2093	4
2094	2 4
2095	2
2096	4 5
2097	2
2098	2
2099	0
2100	2
2101	3 5
2102	4 1
2103	2 4
2104	2 4
2105	1 5
2106	2 1
2107	4 5
2108	0 4
2109	0 4
2110	0 4
2111	0 4
2112	0 4
2113	4
2114	2 4 1
2115	2 4
2116	2 5
2117	0 4
2118	0 4
2119	1
2120	0
2121	3
2122	2 3 4 1
2123	2 5
2124	4
2125	4
2126	0 4
2127	3
2128	2 4
2129	0
2130	2 4 5
2131	4 5 1
2132	0 5
2133	3 1
2134	5
2135	4
2136	2
2137	4
2138	2
2139	2 1
2140	2 4 5 1
2141	0 5
2142	0
2143	0 4
2144	4 1
2145	0 4
2146	2 0 5
2147	2 0 4
2148	2 3
2149	2 3 1
2150	1
2151	3 1
2152	3
2153	0 5
2154	4
2155	3
2156	3 1
2157	0 4
2158	3
2159	4
2160	2
2161	0
2162	4 5
2163	3 1
2164	3
2165	3 4
2166	3
2167	4 1
2168	4
2169	4 1
2170	2
2171	5
2172	2
2173	0 4
2174	0 4
2175	2 4
2176	0 4
2177	0
2178	2 4
2179	2 5 1
2180	3 1
2181	0
2182	3
2183	2 4
2184	3
2185	0 4
2186	3
2187	0
2188	2 4
2189	0 4
2190	4
2191	0 4
2192	0 4
2193	2 4
2194	3
2195	2 3
2196	2
2197	0 4
2198	3
2199	3
2200	2 5 1
2201	2 5
2202	3 1
2203	2 0 4
2204	0
2205	2 4 5
2206	3 4 1
2207	3
2208	3
2209	2 5
2210	0
2211	3
2212	0
2213	2
2214	2 3 1
2215	3
2216	3
2217	3
2218	4 1
2219	3 1
2220	0 4
2221	4
2222	0
2223	3 1
2224	4
2225	3
2226	0
2227	1
2228	2 4 5
2229	3
2230	0
2231	4
2232	2 4 5
2233	0 4
2234	0 4
2235	0
2236	2
2237	5
2238	2
2239	0
2240	0
2241	0 4
2242	5 1
2243	2 3
2244	0 4
2245	0 5
2246	0 4
2247	2
2248	5
2249	3 4
2250	3 1
2251	0
2252	5
2253	4
2254	2 5
2255	0
2256	2 5
2257	0 1
2258	1 5
2259	3
2260	3 4
2261	2 5
2262	2 5
2263	2
2264	0 4
2265	2 1
2266	2
2267	3
2268	1
2269	0 4
2270	0 4
2271	0 4
2272	2
2273	2
2274	0 4
2275	0 4
2276	2 1
2277	5
2278	0 4
2279	2
2280	2 4
2281	2
2282	5
2283	0 4
2284	0 4
2285	4
2286	5
2287	0
2288	3
2289	1
2290	0
2291	2 0
2292	0
2293	0
2294	3
2295	2 5 1
2296	4
2297	0 4
2298	2 4
2299	0 4
2300	2 4
2301	2 4
2302	4
2303	0 4
2304	5
2305	0
2306	0 4
2307	0
2308	0 4
2309	0 4
2310	0 4
2311	0 4
2312	2
2313	2
2314	3
2315	2
2316	0 4
2317	3
2318	1
2319	1
2320	2 1
2321	2 5
2322	4
2323	4 1
2324	2
2325	0 4
2326	5
2327	0
2328	3 4
2329	3 1
2330	4
2331	2
2332	2 0 5
2333	2
2334	3
2335	3
2336	3
2337	2
2338	0 4
2339	2 4 5
2340	2
2341	0
2342	5
2343	0
2344	2 5
2345	5
2346	5
2347	0 4
2348	5
2349	2
2350	2
2351	0
2352	2
2353	0 4
2354	1
2355	2
2356	2
2357	0
2358	0
2359	2
2360	0
2361	4
2362	2 4
2363	2
2364	0 4
2365	2
2366	3
2367	4
2368	0 4
2369	5
2370	0 4
2371	0 4
2372	1 5
2373	2
2374	0 4
2375	0
2376	3 1
2377	0 4
2378	0 4
2379	2 0
2380	2 1
2381	0 4
2382	0 4
2383	0
2384	0
2385	2 5
2386	2
2387	0
2388	2 1
2389	3
2390	0
2391	2 5 1
2392	4 5
2393	2 4
2394	1
2395	3 4 1
2396	1
2397	0 4
2398	4
2399	5
2400	4
2401	2 4 5
2402	0 4
2403	3
2404	4
2405	0 4
2406	2 5 1
2407	0
2408	2 1 5
2409	0 4
2410	0 4
2411	2 5 1
2412	0 4
2413	0 4
2414	4 5
2415	2
2416	3
2417	2
2418	0
2419	2 4
2420	5
2421	0 5
2422	5
2423	3
2424	0 4
2425	2
2426	2 0
2427	0 4
2428	0 4
2429	0 5
2430	0
2431	2 0 5
2432	2 5
2433	2
2434	5
2435	0
2436	4 1
2437	4
2438	2
2439	4 5
2440	0
2441	0 4
2442	0 4
2443	3
2444	0 4
2445	2 3 1
2446	2 4 5
2447	3 4
2448	2
2449	0
2450	5
2451	0 4
2452	2
2453	5
2454	0 4
2455	0 5
2456	3
2457	4
2458	4
2459	2 5 1
2460	5
2461	2 5 1
2462	2 4 5
2463	2 1
2464	0
2465	2 4
2466	0 4
2467	2 4
2468	4 5
2469	2 4
2470	2 0 4 5
2471	2 5
2472	4
2473	4
2474	2 1
2475	2
2476	2
2477	2
2478	2 4
2479	2 1
2480	4 5
2481	2
2482	0 4
2483	0
2484	0 4
2485	4
2486	2
2487	0 4
2488	4
2489	2 3
2490	2 4
2491	2 4
2492	0 4
2493	2 5
2494	4 5
2495	0 4
2496	3
2497	3 1
2498	3
2499	0
2500	0
2501	0 4
2502	2
2503	0 4
2504	2
2505	2 5 1
2506	3
2507	5 1
2508	1
2509	1
2510	0 4
2511	3 4 1
2512	2 5
2513	0 3
2514	4
2515	1
2516	2 4
2517	0 4
2518	0 4
2519	3
2520	3
2521	2 5
2522	0 4
2523	0 4
2524	0 4
2525	0
2526	3
2527	2 4
2528	2 5
2529	2 0
2530	2
2531	5
2532	0
2533	2 4
2534	4
2535	0 4 1
2536	5
2537	3 4
2538	5
2539	3
2540	5
2541	0 4
2542	2 3
2543	3 4
2544	2 4 5
2545	0
2546	3 1
2547	0 4
2548	0 4
2549	0 4
2550	0
2551	0
2552	2 1
2553	2
2554	3
2555	2
2556	2
2557	2 5
2558	2 4
2559	0 4
2560	2 4
2561	2 4
2562	5
2563	3
2564	3
2565	0 4
2566	0 4
2567	0 4
2568	3
2569	3 1
2570	0
2571	2 5
2572	4 1
2573	2 3
2574	0 4
2575	2
2576	3
2577	0
2578	0
2579	0
2580	3 4
2581	5
2582	2 4
2583	1
2584	4
2585	2
2586	4 1 5
2587	0 4
2588	3
2589	0
2590	2 5 1
2591	4
2592	0 4
2593	2
2594	5
2595	4 1
2596	5
2597	3
2598	0
2599	3 4
2600	2 5 1
2601	2 1
2602	2 1
2603	1
2604	0 4
2605	0
2606	3
2607	2
2608	1
2609	4
2610	0
2611	5
2612	0
2613	2 4 5
2614	0 5
2615	0 4
2616	2 4
2617	2 4
2618	2 1
2619	0 4
2620	2 4 5
2621	3 1
2622	4 1
2623	2 4
2624	2 4
2625	4
2626	2 0
2627	0 4
2628	2
2629	2
2630	0 4
2631	2
2632	3
2633	2
2634	0
2635	0 4
2636	2 0
2637	4
2638	4
2639	0
2640	2
2641	0
2642	3 4
2643	2
2644	2 4 5
2645	0 4
2646	0 4
2647	0 4
2648	0 4
2649	2
2650	0 4
2651	0
2652	5
2653	2 5
2654	2 0
2655	4
2656	4 5
2657	2
2658	0
2659	4
2660	0 4
2661	0 4
2662	0 4
2663	5
2664	2 5
2665	0
2666	0 4
2667	2
2668	0
2669	0
2670	3
2671	3 4
2672	3
2673	0 4
2674	1
2675	4
2676	2
2677	1
2678	0 4
2679	2 5 1
2680	0 4
2681	0
2682	0
2683	2 5
2684	0
2685	0 4
2686	0
2687	2 5
2688	0
2689	4
2690	4
2691	0
2692	2 1
2693	2 5
2694	0 4
2695	4
2696	0 4
2697	0
2698	0
2699	4 1
2700	2
2701	2 4
2702	0 4
2703	4
2704	3
2705	5
2706	3
2707	0 4
2708	0 4
2709	0 4
2710	0 5
2711	0
2712	4
2713	0 4
2714	4
2715	4
2716	4
2717	2 3 4
2718	0
2719	1
2720	2
2721	2
2722	3
2723	4 5
2724	1
2725	0 4
2726	0 4
2727	2 4 5
2728	0
2729	0 4
2730	3
2731	3
2732	2
2733	3
2734	4
2735	4
2736	0 4
2737	4
2738	2
2739	2 5
2740	4 5
2741	2 5
2742	2
2743	0
2744	2 5
2745	4
2746	4 5
2747	3 4
2748	0
2749	5
2750	2 4
2751	5
2752	0
2753	3
2754	2 4 5
2755	0 4
2756	0 4
2757	4
2758	0 4
2759	4 5
2760	0
2761	2 3
2762	0 1
2763	4
2764	0 4
2765	2 4 5
2766	0 4
2767	2 3 5
2768	0 4
2769	2
2770	0 4
2771	2 4
2772	5
2773	2 3
2774	0 4
2775	2 4 5
2776	4
2777	1
2778	2 4
2779	2
2780	3 4
2781	0 4
2782	0 4
2783	4
2784	2
2785	2
2786	0 4
2787	2
2788	3
2789	0 4
2790	2 4 5
2791	2 3 5
2792	0 4
2793	2 5
2794	4
2795	3
2796	5 1
2797	2
2798	0
2799	3
2800	3
2801	0
2802	0 4
2803	3
2804	2
2805	3
2806	5 1
2807	2 5 1
2808	2 5
2809	2 5
2810	0 4
2811	0 4
2812	0 4
2813	0
2814	0
2815	4
2816	0 4
2817	3
2818	0 4
2819	3
2820	4
2821	5 1
2822	3
2823	0 4
2824	0 4
2825	2
2826	0 4
2827	4
2828	0 4
2829	0
2830	4
2831	3 4
2832	2 0 4 5
2833	2
2834	2 1
2835	2 5
2836	1 5
2837	4
2838	0 4
2839	4
2840	2
2841	5
2842	5
2843	4
2844	2
2845	2
2846	2 5
2847	0
2848	5 1
2849	1
2850	1
2851	2
2852	1
2853	5
2854	0 5
2855	0
2856	0 4
2857	2 1
2858	0 4
2859	4
2860	0 4
2861	0 4
2862	2
2863	4 5
2864	1
2865	1
2866	2 4
2867	3 4 1
2868	3
2869	3
2870	3
2871	3 1
2872	2 5
2873	5
2874	4
2875	3 1
2876	3
2877	3
2878	4
2879	3 1
2880	3
2881	2
2882	2 5
2883	3
2884	4
2885	2
2886	3 1
2887	1
2888	4 1
2889	2 1
2890	3 4
2891	3
2892	2
2893	3
2894	0
2895	5
2896	2
2897	0 4
2898	0 4
2899	3
2900	2 4
2901	4
2902	2
2903	3
2904	0
2905	3 1
2906	2 5
2907	4
2908	2 1
2909	0
2910	2
2911	3 1
2912	2
2913	1
2914	5 1
2915	2 0 5
2916	3 4
2917	3
2918	3 1
2919	5
2920	3
2921	5
2922	2 4
2923	4
2924	0 4
2925	0
2926	2
2927	2 3 4
2928	2 4
2929	0 4
2930	3
2931	2
2932	4
2933	0 4
2934	2
2935	0
2936	0 4
2937	5
2938	0 4
2939	0
2940	4
2941	4
2942	0 4
2943	5
2944	5
2945	0 4 5
2946	2 5 1
2947	0 4
2948	5
2949	2 3
2950	2 4
2951	2 1
2952	4
2953	4
2954	0 4
2955	0 4
2956	0 4
2957	0
2958	0 4
2959	0 4
2960	2 0 5
2961	3
2962	0
2963	0
2964	4 1
2965	4 5
2966	2 0
2967	0 5
2968	0
2969	0 4
2970	4
2971	0
2972	0
2973	0
2974	0
2975	0 2 5
2976	3
2977	0 4
2978	2
2979	0
2980	2 3 1
2981	2
2982	0
2983	0 5
2984	3
2985	4
2986	0
2987	2
2988	3
2989	4 5
2990	0 4
2991	0
2992	2 4
2993	0
2994	5
2995	2
2996	4 1
2997	2
2998	0 5
2999	2 0 5
3000	4
3001	0
3002	5 1
3003	2
3004	4
3005	2 4 5
3006	0
3007	2 4
3008	2 4
3009	5
3010	5
3011	4
3012	0 4
3013	3 5 1
3014	0
3015	0 4
3016	3 1
3017	2
3018	2 4
3019	2 5 1
3020	0
3021	2 5
3022	4
3023	0 4
3024	2 5 1
3025	2 0
3026	4 5
3027	5
3028	5
3029	2
3030	2
3031	2
3032	0
3033	0
3034	2
3035	2
3036	2 1
3037	2 5
3038	5
3039	0 4
3040	0
3041	5
3042	3 4
3043	0 4
3044	4
3045	0 4
3046	0
3047	0 4
3048	5
3049	3
3050	2
3051	5
3052	0 4
3053	3 1
3054	2
3055	0 4
3056	4
3057	5 1
3058	0
3059	3
3060	2
3061	0
3062	2
3063	0 4
3064	5
3065	3 1
3066	4
3067	2 4 1 5
3068	2 5 1
3069	0 4
3070	2 1
3071	2 1
3072	3 4
3073	2
3074	0 4
3075	0 1
3076	4
3077	4 5
3078	0 4
3079	0 4
3080	2 3 1
3081	3
3082	2
3083	3 4
3084	0
3085	0
3086	0
3087	3
3088	3
3089	2
3090	0 4
3091	5
3092	3
3093	1
3094	2
3095	2 3 1
3096	4
3097	4
3098	2 5 1
3099	0 4
3100	0
3101	0 4
3102	1
3103	4
3104	3 4
3105	0 4
3106	3
3107	3
3108	3
3109	2 3
3110	3 1
3111	2 5
3112	3
3113	3
3114	5
3115	4
3116	2
3117	4
3118	2 4
3119	0 4
3120	0 4
3121	0
3122	0
3123	2 5
3124	2 4
3125	2
3126	1
3127	3
3128	4
3129	3
3130	0 4
3131	0 4
3132	3
3133	2 4 5
3134	0 1
3135	5
3136	3 4
3137	2 4 5
3138	0 4
3139	0
3140	2 5
3141	4 5
3142	2 5
3143	0
3144	2 0
3145	2 4
3146	2 3
3147	0 4
3148	4
3149	4
3150	1 5
3151	1
3152	3 1
3153	0
3154	0
3155	0
3156	5
3157	3
3158	0 4
3159	0
3160	0 3
3161	0 4
3162	0
3163	3
3164	3
3165	0 5
3166	0 4
3167	3
3168	0 3 5 1
3169	0 4
3170	4 5
3171	3
3172	0 5
3173	0
3174	3 5
3175	0
3176	0
3177	5
3178	0 4
3179	4 5
3180	3
3181	3
3182	3 1
3183	0 4
3184	0 4
3185	0
3186	0 4
3187	0
3188	0 4
3189	0
3190	5
3191	0 4
3192	0 4
3193	2 0 5
3194	0 4
3195	0 4
3196	0 4
3197	0
3198	0
3199	0
3200	0 5
3201	0 4
3202	2 0 5
3203	0 4
3204	0 4
3205	0 4
3206	2 0 5
3207	2 4
3208	0 4
3209	0 4
3210	0
3211	4
3212	2
3213	0
3214	0 4
3215	0 4
3216	0 4
3217	0 4
3218	0
3219	0
3220	5
3221	0
3222	0
3223	3
3224	3
3225	0
3226	0 4 5
3227	0
3228	0
3229	0
3230	0 4 5
3231	0
3232	2 0 5
3233	0 4
3234	2
3235	2 0 5
3236	0 4
3237	0
3238	5
3239	2 0 4
3240	3 4 1
3241	2 5
3242	0 4
3243	0 4
3244	0 4
3245	0
3246	2 5
3247	0
3248	2 5
3249	0
3250	2 5
3251	5
3252	4
3253	5
3254	3
3255	3
3256	2
3257	0 4
3258	2 5
3259	3 1
3260	5
3261	5
3262	0 4
3263	4
3264	0
3265	3
3266	0 4
3267	0 5
3268	0 4 5
3269	0 4
3270	4
3271	3
3272	2
3273	3 4
3274	0 4
3275	3
3276	2
3277	3
3278	5
3279	2 5
3280	2
3281	2 4 5
3282	2 5
3283	2
3284	0 4
3285	2
3286	0 3
3287	1
3288	0
3289	1
3290	3
3291	2
3292	2
3293	0 4
3294	0
3295	0
3296	3
3297	0 4
3298	3 1
3299	0 3 4 5
3300	3
3301	2
3302	2 5
3303	3
3304	2
3305	3 1
3306	3
3307	3 4
3308	0
3309	2
3310	4
3311	3 1
3312	1
3313	1
3314	0
3315	4
3316	5
3317	0 4
3318	2
3319	0
3320	2
3321	3
3322	0 4
3323	1
3324	0
3325	5
3326	2 4
3327	3 1
3328	0
3329	2
3330	0
3331	4
3332	2
3333	1
3334	2
3335	3 1
3336	2 4
3337	4
3338	2 4
3339	1
3340	0 4
3341	2
3342	2 5
3343	2 0
3344	2
3345	2 4
3346	1
3347	0 4 5
3348	1
3349	2
3350	0 1
3351	2 0 4
3352	0 4
3353	3 1
3354	2 4 5
3355	0
3356	2 5
3357	0 4 1
3358	1 5
3359	2 4 5 1
3360	0 4
3361	0
3362	0 4
3363	3
3364	2 4
3365	0 4
3366	1 5
3367	2 4
3368	4
3369	3 4 1
3370	2
3371	0 4
3372	2
3373	2 1
3374	2 0 4
3375	2 1 5
3376	0 4
3377	2
3378	3 1
3379	2 5
3380	5
3381	3
3382	3
3383	5
3384	2 1
3385	0 4
3386	2
3387	2 4
3388	2
3389	5
3390	3
3391	2
3392	4
3393	3
3394	4
3395	0
3396	2 4
3397	2
3398	4
3399	0 4
3400	2
3401	5
3402	2
3403	0
3404	0
3405	0
3406	2 1
3407	2 0 4
3408	3 4
3409	0 4
3410	0
3411	2 4 5
3412	0
3413	2
3414	2
3415	2 1
3416	2 4 5
3417	2 1
3418	4 5
3419	0 4
3420	4
3421	2 4
3422	2 4 5
3423	0 4
3424	3 5 1
3425	2
3426	3
3427	4 1
3428	2
3429	0 4
3430	3
3431	2
3432	3 1
3433	2
3434	5
3435	2 4
3436	2
3437	2
3438	5
3439	0
3440	2 5
3441	3
3442	2
3443	2
3444	2 1
3445	2 0
3446	2 4
3447	3
3448	0 5
3449	4
3450	2
3451	2 3 1
3452	3
3453	3 4
3454	4
3455	0 4
3456	0
3457	2
3458	2 4 5 1
3459	3
3460	2 0 5
3461	2
3462	2 4
3463	1
3464	2
3465	0
3466	2
3467	3
3468	2 1 5
3469	0 4
3470	3
3471	3 4
3472	0 4
3473	5
3474	3
3475	2 4
3476	4
3477	0 4
3478	0 4
3479	0
3480	4 5
3481	0 1
3482	3
3483	2
3484	3
3485	1
3486	4
3487	2 1
3488	0 3
3489	0
3490	3 1
3491	2 4
3492	3
3493	0
3494	2
3495	0 4
3496	0 4
3497	0 4
3498	3
3499	0
3500	4 5
3501	3
3502	0 4 1
3503	2 4
3504	2 4
3505	5
3506	1
3507	3
3508	2 4
3509	0
3510	3
3511	3 4
3512	3
3513	2
3514	2 4
3515	0 4
3516	3
3517	0 4
3518	2 1
3519	4 1
3520	3 4
3521	2 0 4
3522	2
3523	2 5 1
3524	0 4
3525	2 5 1
3526	4 5
3527	2
3528	0 4
3529	4
3530	0 3 4
3531	2 1
3532	2
3533	2 4
3534	0
3535	2 5
3536	2
3537	4 5
3538	0 4
3539	0
3540	0
3541	2 1
3542	0 4
3543	2 4 5
3544	0
3545	2 3 4
3546	3
3547	3
3548	2 4
3549	2
3550	4
3551	3
3552	3
3553	1
3554	4
3555	2 3 1
3556	2
3557	0 4
3558	0 4
3559	3
3560	2
3561	2
3562	2 5
3563	3
3564	1
3565	0
3566	3 4
3567	4 5
3568	3
3569	3
3570	4 5
3571	4 1
3572	4 5
3573	0
3574	4
3575	2 5
3576	4 5
3577	3 1
3578	2 4
3579	0 4
3580	5
3581	3
3582	0
3583	4
3584	4
3585	1
3586	0 4
3587	2
3588	3
3589	4 1
3590	4
3591	4
3592	2 5
3593	4
3594	1
3595	2
3596	3 1
3597	0
3598	2 5 1
3599	0 4
3600	0 4
3601	0 4
3602	0
3603	0 2 4 5
3604	0 4
3605	1 5
3606	2
3607	2 3 1
3608	3
3609	0 4
3610	2
3611	3
3612	0 4
3613	4 5
3614	2
3615	3
3616	2 5
3617	5
3618	2 5 1
3619	1
3620	0 4
3621	5
3622	2 0 5
3623	3
3624	0 4
3625	2 5
3626	2 0 4
3627	0 4
3628	0 4
3629	2 3
3630	4 5
3631	0 4
3632	4
3633	0
3634	2 4
3635	0
3636	2 4
3637	2 4
3638	2
3639	4 5
3640	2 4 5
3641	0 4 5
3642	0
3643	5
3644	3
3645	0
3646	0 4
3647	3
3648	2 4
3649	4
3650	2
3651	4 1 5
3652	5
3653	0
3654	2 5 1
3655	2 1
3656	2 1
3657	4
3658	4 1
3659	0 4
3660	2
3661	0
3662	2 5
3663	0 4
3664	0 4
3665	4 5
3666	0 4
3667	2 4
3668	0
3669	0 5
3670	3
3671	2
3672	3 1
3673	3 4
3674	4 1
3675	4
3676	2 4
3677	0 4
3678	4
3679	2 5
3680	5
3681	2 3 5
3682	2 4
3683	2 5 1
3684	2
3685	2 5
3686	2 4 5
3687	0 4
3688	2
3689	2
3690	4
3691	2
3692	0 4
3693	4
3694	4
3695	2
3696	0
3697	0 4
3698	0 4
3699	0
3700	3
3701	0 4
3702	1
3703	4 5 1
3704	0 4
3705	2
3706	2 5
3707	4
3708	0 4
3709	0
3710	3
3711	2 5
3712	3
3713	4 5
3714	0 4
3715	2
3716	2 0
3717	0 4
3718	4 5
3719	0
3720	2 5
3721	0
3722	0
3723	0 4
3724	4
3725	2
3726	4 5
3727	2 5 1
3728	0 4
3729	0
3730	0 4 1
3731	5
3732	0 4
3733	0 4
3734	0 3
3735	4 5
3736	4 5
3737	3
3738	2
3739	0
3740	2 0 4 5
3741	2 5
3742	0
3743	0 4
3744	2 0 1
3745	0
3746	0
3747	2
3748	0
3749	0 4 5
3750	2 3
3751	0 4
3752	0
3753	2
3754	0
3755	4
3756	3 4
3757	2
3758	0 4
3759	2 5
3760	2 5 1
3761	4 5 1
3762	5
3763	5
3764	4
3765	0 4
3766	2 4
3767	2
3768	1
3769	2 5 1
3770	0
3771	3 1
3772	3
3773	2 5 1
3774	0 4
3775	4
3776	0
3777	2 3 1
3778	2 1
3779	2 3
3780	2 4 5
3781	2 5 1
3782	0 4
3783	4
3784	0 4
3785	2 5
3786	2 5 1
3787	0 2 4 5
3788	2 4
3789	2 3 1
3790	3
3791	2 4 5
3792	4
3793	3
3794	2
3795	2
3796	0
3797	0
3798	2
3799	0
3800	2 3
3801	3
3802	2 5
3803	1
3804	0 4
3805	2
3806	0
3807	2 0
3808	0 4
3809	3 4
3810	4
3811	0 4
3812	0 5
3813	3
3814	2 4
3815	0 4
3816	0
3817	0
3818	4 5
3819	0
3820	5
3821	0
3822	2
3823	4 5
3824	3 4
3825	0
3826	0 4
3827	2 3 1 5
3828	0 4
3829	4
3830	2
3831	0 4
3832	2
3833	4
3834	2
3835	0
3836	0 4
3837	4 5
3838	2 4
3839	2
3840	0
3841	4
3842	0
3843	2 5
3844	0
3845	2 3 1
3846	2 1
3847	2 1
3848	2 4
3849	0
3850	0 4
3851	3
3852	2
3853	0 4
3854	2
3855	0
3856	0 4
3857	4
3858	2 5
3859	5
3860	2
3861	3
3862	4 5
3863	2
3864	0
3865	2 5
3866	2 3 1
3867	2
3868	3 4
3869	0 4
3870	4
3871	0
3872	0
3873	0
3874	0 4
3875	2 3
3876	0 4
3877	2 5
3878	4
3879	3
3880	0 4
3881	0
3882	0
3883	2 5
3884	2 5
3885	2
3886	3 4 5
3887	0
3888	2
3889	2 4 1 5
3890	0 4
3891	3
3892	3
3893	0
3894	3
3895	3 1
3896	3
3897	3 1
3898	0 4
3899	0
3900	0
3901	0
3902	0 4
3903	5
3904	0
3905	0
3906	2 5
3907	0
3908	2 4
3909	0 4
3910	2 5
3911	0 4
3912	3
3913	2
3914	0
3915	3 5
3916	0
3917	4
3918	5
3919	2 5
3920	0
3921	0 4
3922	0
3923	2
3924	2 3 1
3925	4
3926	2
3927	2 5
3928	0 4
3929	0 4
3930	0
3931	0
3932	5
3933	0
3934	2
3935	4 5
3936	0 4
3937	4 5
3938	2 0 4 5
3939	4
3940	4
3941	0
3942	3
3943	0 5
3944	0
3945	0 5
3946	0 4
3947	0 5
3948	5
3949	2 5
3950	2
3951	5
3952	2
3953	0
3954	4
3955	2 3
3956	4 5
3957	3
3958	3
3959	4
3960	5
3961	2 4
3962	2
3963	3 1
3964	4 5
3965	2 4
3966	0
3967	2 3
3968	2 4
3969	3
3970	3 1
3971	0 4
3972	0 4
3973	0 5
3974	4 5
3975	3
3976	0 4
3977	0 4
3978	0
3979	0
3980	0
3981	4 5
3982	4 5
3983	3
3984	2 0 5
3985	0 4
3986	2
3987	2 1
3988	0 4
3989	2 3 1
3990	0 4
3991	3
3992	0
3993	0 4
3994	2 1
3995	4 5
3996	2
3997	0
3998	2 0
3999	0
4000	2 1
4001	0 4
4002	1
4003	3 4
4004	3 4
4005	3 4 1
4006	2 3 4
4007	0 4
4008	4 5
4009	2
4010	3
4011	1
4012	4
4013	3 4
4014	2
4015	3 4 1
4016	2 1
4017	0 3
4018	2 4
4019	0 4
4020	0 3
4021	0
4022	3 4
4023	3
4024	4 5
4025	4 5
4026	3
4027	0
4028	2 5
4029	4 5
4030	4
4031	0 4
4032	3
4033	0
4034	4 5
4035	2 5
4036	2 1
4037	0 4
4038	0 4
4039	2
4040	0
4041	5
4042	2
4043	0 4
4044	0 4
4045	3
4046	0
4047	0 4 5
4048	2 5
4049	0 4
4050	0
4051	0 4
4052	0
4053	0
4054	0
4055	0 4
4056	2 3 1
4057	0
4058	0 4
4059	3
4060	2
4061	0 5
4062	2
4063	4
4064	0 4
4065	2 4 1
4066	2 5
4067	2 5 1
4068	4 5
4069	3 1
4070	5
4071	2 0 5
4072	5
4073	0 1 5
4074	2
4075	4 5
4076	0 4
4077	0
4078	0 4
4079	2 3 4
4080	2 4
4081	2 4
4082	0 4
4083	0 4
4084	2
4085	0 4
4086	4 5
4087	0 4
4088	2
4089	0
4090	2 0
4091	2
4092	2
4093	2 0
4094	4 5
4095	0
4096	4 5
4097	2 4
4098	0 4
4099	2 0 4
4100	2 4 1
4101	2
4102	2 4
4103	0 4
4104	2
4105	4
4106	2 4 5
4107	0 4
4108	0
4109	0 5
4110	2
4111	4
4112	4
4113	5
4114	3
4115	2
4116	0 5
4117	2
4118	2 3
4119	2 0
4120	0 4
4121	4 5 1
4122	5
4123	0 4
4124	0
4125	4
4126	2
4127	3
4128	4 5
4129	0
4130	0
4131	2 5
4132	0 4
4133	5
4134	0 5
4135	2 5
4136	4 5
4137	4
4138	3
4139	2
4140	2
4141	2
4142	3 5 1
4143	4
4144	2
4145	0
4146	0
4147	2 3 4
4148	0
4149	0
4150	2 5 1
4151	1
4152	3
4153	2 0 5
4154	0 5
4155	0
4156	0
4157	0 1
4158	4 1
4159	4
4160	0 4
4161	0 4
4162	2 5
4163	4 5
4164	4
4165	2 1
4166	4
4167	0 4
4168	0 4
4169	0
4170	2
4171	3
4172	4 5
4173	0 4
4174	0 4
4175	3
4176	2 5
4177	3
4178	0 2 3 1 5
4179	2 5
4180	2
4181	0
4182	2 4 5
4183	0 4
4184	0 5
4185	0
4186	5
4187	2
4188	0
4189	2 5
4190	2
4191	0
4192	0 4
4193	2
4194	2 4
4195	2
4196	0
4197	0 4
4198	0 4
4199	0
4200	0
4201	5
4202	0
4203	3
4204	2 3
4205	3
4206	0 4
4207	3
4208	0
4209	5
4210	4
4211	0 4
4212	3 4
4213	0 4
4214	2
4215	4 5
4216	3
4217	0 4
4218	3
4219	0 4
4220	2 3
4221	0
4222	2
4223	0 4
4224	3
4225	3 1
4226	5
4227	2
4228	0 4
4229	0 4
4230	0 4
4231	2 4
4232	0 3
4233	5
4234	3
4235	2 1
4236	0
4237	0
4238	3 4
4239	3
4240	4 5
4241	0 4
4242	1
4243	2 4 5
4244	2
4245	0 4
4246	0
4247	1 5
4248	0 4
4249	0 4
4250	0
4251	0 4
4252	0
4253	3
4254	3
4255	2
4256	2 4 5
4257	3 4
4258	2
4259	0 4 5
4260	0 4
4261	3
4262	2 4
4263	2 4 1 5
4264	2 5
4265	5 1
4266	0 4
4267	4
4268	0 1
4269	2 5
4270	2 4 1 5
4271	2
4272	0 4
4273	0
4274	2
4275	3
4276	0 4
4277	3 1
4278	2 5
4279	2 5 1
4280	0
4281	4
4282	2 3
4283	0 4
4284	3
4285	4
4286	0 4
4287	1
4288	0 4
4289	5
4290	2
4291	0 4
4292	4
4293	2 5
4294	3 1
4295	0 4
4296	2 4 5
4297	2 0 4
4298	3
4299	4 5
4300	2 4 5
4301	3
4302	2 3
4303	2 5
4304	2 0 4 5
4305	2
4306	0 3 1
4307	2
4308	3
4309	3 4
4310	2 1
4311	2 1
4312	0 4
4313	3 4
4314	2 5 1
4315	2 5 1
4316	5
4317	3 4
4318	2 3 5
4319	2 5
4320	0
4321	4
4322	0
4323	0
4324	2
4325	5
4326	2
4327	0
4328	4
4329	0
4330	2
4331	0
4332	5
4333	3
4334	0 5
4335	2 5
4336	0 4
4337	2 1
4338	5
4339	0 4
4340	2
4341	2 4
4342	2 0 5
4343	0
4344	0 4
4345	4 5
4346	0
4347	0 4
4348	2 4
4349	2
4350	5
4351	0
4352	0 4 5
4353	3
4354	0 4
4355	2 4 1 5
4356	2
4357	0
4358	2 4 5
4359	0 4
4360	3
4361	3
4362	5
4363	2 4
4364	2 5
4365	4
4366	2
4367	3
4368	2 3 1
4369	2
4370	0 4
4371	0
4372	3
4373	5
4374	3 4
4375	3
4376	0 4
4377	2 4
4378	4
4379	2 3 1
4380	2
4381	2 4
4382	0
4383	2
4384	0
4385	0 4
4386	0 4
4387	0 4
4388	2 4 5
4389	0
4390	0 4
4391	2
4392	2
4393	0
4394	2 3 1
4395	0 4
4396	2 5
4397	0
4398	0
4399	2 4
4400	2 5
4401	0 4
4402	0 4
4403	4 5
4404	4
4405	3
4406	0
4407	4
4408	4 1
4409	3
4410	0
4411	2
4412	2
4413	3
4414	0 5
4415	3
4416	2 0 4
4417	3
4418	3
4419	0
4420	4
4421	0 4
4422	1
4423	2 5
4424	2 5
4425	0
4426	4 1
4427	1
4428	2 0
4429	3 1
4430	0 4 5
4431	0 4
4432	2 0
4433	5
4434	2 3 1
4435	4 1
4436	3
4437	0
4438	0 4
4439	0
4440	0 4
4441	0 4
4442	4
4443	2 5
4444	0 5
4445	0 4
4446	0
4447	0
4448	3
4449	2 5
4450	0 4
4451	0 4
4452	2
4453	0 4
4454	5
4455	0 4
4456	0 4
4457	0 4
4458	3
4459	0 4
4460	1
4461	0 4
4462	2 5
4463	2 5
4464	2
4465	3 4
4466	0 4
4467	3 1
4468	3
4469	2
4470	3
4471	4
4472	0 4
4473	2 5 1
4474	4
4475	0 4
4476	2 3 1
4477	2 1
4478	3
4479	4
4480	2 0 4 5
4481	3
4482	2 5 1
4483	2
4484	0 4
4485	0
4486	2
4487	5
4488	0
4489	4
4490	0
4491	0 4
4492	0
4493	2 5
4494	0 4
4495	0 5
4496	2
4497	2 1
4498	4 5
4499	0
4500	0 4
4501	2 5 1
4502	0 4
4503	0 4
4504	0
4505	0 4
4506	2
4507	4
4508	4 5
4509	2
4510	2
4511	2
4512	4 1
4513	2 1
4514	0 4
4515	2 0 5
4516	0 1
4517	0
4518	0 4
4519	2
4520	0 4
4521	4 5
4522	4 5
4523	0 4
4524	2 4 1
4525	0
4526	4 5
4527	2 1
4528	0 4
4529	2 4 5
4530	4
4531	3 1
4532	3 1
4533	3
4534	2
4535	2 5
4536	2 5
4537	2 5
4538	2 5
4539	2
4540	3
4541	2 5 1
4542	2 3
4543	0 4
4544	2
4545	2
4546	2
4547	2 1
4548	0 4
4549	4
4550	0 4
4551	0 4
4552	0
4553	5
4554	4
4555	3
4556	2 4 5 1
4557	0
4558	0 4
4559	3
4560	2 4
4561	5
4562	2 5
4563	2
4564	2 5
4565	0 5
4566	0
4567	4
4568	3
4569	2
4570	5
4571	2 4
4572	2 0 5
4573	0
4574	0 4
4575	5 1
4576	2
4577	1
4578	2 1
4579	0 1 5
4580	2
4581	2 4 5
4582	5
4583	2 4
4584	0 4
4585	2 0 4 1
4586	2
4587	2
4588	0 4
4589	0 4
4590	0 4
4591	5
4592	0
4593	1
4594	5
4595	3 4
4596	0 4
4597	2 3 5
4598	0
4599	2 5 1
4600	4 1
4601	0
4602	0 4
4603	0 4
4604	4 5
4605	1
4606	2 1
4607	5
4608	2
4609	1
4610	0 4
4611	4
4612	1
4613	4 5
4614	5
4615	0
4616	2 5
4617	3
4618	0 4
4619	2
4620	2 0
4621	2 4
4622	2 5
4623	3
4624	0 4
4625	0 4 5
4626	2
4627	0
4628	2 4 5
4629	2 5 1
4630	2 5 1
4631	2 5 1
4632	4
4633	3
4634	5
4635	2
4636	3
4637	2
4638	4
4639	2 5 1
4640	3
4641	2 4
4642	0
4643	2
4644	2
4645	2 4
4646	3 1
4647	0 4
4648	2 5
4649	2 4
4650	4
4651	3
4652	1
4653	1
4654	2
4655	4
4656	0
4657	0 4
4658	0 4
4659	0
4660	2 3
4661	0
4662	0
4663	2
4664	1 5
4665	4
4666	2
4667	0 4
4668	0 4
4669	2
4670	3
4671	3 4
4672	2
4673	2
4674	2
4675	5
4676	0
4677	5
4678	0
4679	2 4 1 5
4680	5 1
4681	5
4682	5
4683	2 4 5
4684	0
4685	5
4686	2 5
4687	0 4
4688	0
4689	4
4690	2
4691	0 4
4692	2
4693	0
4694	0
4695	0
4696	3
4697	3 4 1
4698	4
4699	4 5
4700	0 4
4701	0
4702	2
4703	2
4704	0 5
4705	0 5
4706	2
4707	2
4708	5
4709	2 4 5
4710	3
4711	3 1
4712	2 5
4713	5
4714	2 4 1
4715	4 5
4716	0
4717	5
4718	2
4719	4
4720	5
4721	1
4722	0 4
4723	3
4724	3
4725	0
4726	2 4 5
4727	0 4
4728	0 4 5
4729	2 5
4730	3
4731	0
4732	4
4733	2 0 3 5
4734	0
4735	2 5
4736	0 4
4737	2 5
4738	0
4739	2 1
4740	2
4741	4
4742	4 5
4743	0
4744	0
4745	4
4746	0
4747	2 5 1
4748	5
4749	4
4750	2 3 4
4751	5
4752	5
4753	4 5
4754	0
4755	2
4756	0 4
4757	2 1
4758	4 5
4759	0 4
4760	2
4761	5
4762	0
4763	2
4764	5
4765	2 3
4766	5
4767	0
4768	0 4
4769	5 1
4770	3
4771	0 4
4772	3
4773	3
4774	0 4 1
4775	2
4776	0
4777	2 5 1
4778	3
4779	0
4780	3
4781	3
4782	3 4 1
4783	1
4784	0
4785	0 4
4786	0
4787	2 0
4788	3
4789	2 4 1
4790	4 5
4791	2 1
4792	3 4
4793	2
4794	0 4
4795	4
4796	2 3
4797	2
4798	2 3
4799	2
4800	2
4801	2
4802	0 4
4803	2 5 1
4804	2
4805	5
4806	0 4
4807	0 4
4808	1
4809	4 5
4810	2 5
4811	3
4812	0 4
4813	2 3 1
4814	2
4815	5
4816	4 1
4817	2
4818	3 4
4819	0
4820	2 5
4821	3
4822	5
4823	5
4824	3
4825	0
4826	2 1
4827	3 4
4828	4
4829	2 4
4830	2
4831	3
4832	2
4833	0
4834	1
4835	0
4836	2
4837	0 4
4838	0 4
4839	2 4
4840	4
4841	0 4
4842	0 4
4843	2
4844	2 5 1
4845	2 5
4846	0
4847	0 4
4848	3
4849	2
4850	3
4851	2 5
4852	2
4853	4
4854	0
4855	4
4856	2 4
4857	2
4858	2 0
4859	0
4860	2 4
4861	5
4862	0
4863	2 1
4864	2 5 1
4865	4
4866	0
4867	2 4
4868	2
4869	2
4870	0 4
4871	3
4872	3
4873	2
4874	4
4875	0
4876	0 4
4877	4 5
4878	4
4879	0
4880	0 4
4881	2 5 1
4882	2 4
4883	0 4 5
4884	2 0 5
4885	0 4
4886	2 1
4887	3 4
4888	5
4889	0 4
4890	0 4
4891	0 4
4892	2 1
4893	4
4894	2
4895	2 4
4896	3
4897	0 4
4898	2 0 5
4899	0 4
4900	2 4 5 1
4901	2
4902	3
4903	2
4904	2
4905	0
4906	5
4907	2
4908	0 4
4909	3 1
4910	2
4911	0
4912	4 5
4913	0 4
4914	3 1
4915	5 1
4916	0 4
4917	2
4918	2 0 1
4919	2
4920	2 5 1
4921	5
4922	0 4
4923	0 4
4924	0 2 4 5
4925	2
4926	1
4927	0
4928	3 4 5
4929	2 4
4930	3 4
4931	0 4
4932	2 3 5
4933	0
4934	0 4
4935	0
4936	0
4937	2 5
4938	0
4939	2
4940	0 4
4941	0 5
4942	0
4943	4 1
4944	3
4945	0 4
4946	0 4
4947	4
4948	3
4949	2
4950	0
4951	5
4952	0
4953	0 4
4954	0 4
4955	3
4956	2 0
4957	0 4
4958	0
4959	2 0
4960	3
4961	3
4962	1 5
4963	0 4
4964	1 5
4965	0 4
4966	2 5 1
4967	3 4
4968	0
4969	0
4970	2 5
4971	4 5
4972	0
4973	2 0
4974	2
4975	0 4
4976	4
4977	0
4978	4 1
4979	2
4980	4
4981	0 4
4982	0 1
4983	2 3 4
4984	0 4
4985	0 4
4986	2 5
4987	5
4988	2
4989	5
4990	0
4991	5
4992	0 5
4993	0
4994	3 4
4995	4
4996	5
4997	0
4998	4
4999	3
5000	2 1
5001	0 4
5002	5 1
5003	2 5
5004	0 4
5005	4 1
5006	2 5 1
5007	2 4
5008	3 1
5009	0 5
5010	2 4
5011	0
5012	2
5013	2 4
5014	3
5015	3 4 1
5016	3
5017	2 0 5
5018	0
5019	3
5020	2 1
5021	5 1
5022	0 4
5023	0
5024	0
5025	0
5026	3
5027	0 4
5028	1
5029	2 3 4
5030	3 4
5031	3
5032	2 1
5033	2 4
5034	2 3 4
5035	4 5
5036	3
5037	2
5038	0
5039	4 5
5040	0 4
5041	2
5042	0
5043	0
5044	0
5045	0 4
5046	3 4
5047	0
5048	5
5049	0
5050	2
5051	0 4
5052	2
5053	2 5
5054	0
5055	2 0 5
5056	3 1
5057	2 5
5058	0
5059	4
5060	0
5061	2
5062	0
5063	5
5064	0 4 5
5065	0
5066	4 1
5067	2 0 3 4
5068	0
5069	3
5070	0
5071	2
5072	2 3 4 5
5073	2
5074	2 4
5075	2 1
5076	4 5
5077	0
5078	2 4
5079	0
5080	2
5081	2 5 1
5082	2 1
5083	3 1
5084	0
5085	0
5086	3 1
5087	0
5088	0 3
5089	2
5090	0
5091	2 5
5092	2
5093	5
5094	2
5095	4 5
5096	1
5097	2
5098	2
5099	2
5100	3
5101	2 0
5102	4 1 5
5103	2
5104	2
5105	3
5106	0
5107	0
5108	2
5109	3 1
5110	3
5111	2
5112	2
5113	2
5114	0 4
5115	0 4
5116	0 4
5117	0
5118	2 5
5119	2 5 1
5120	0
5121	0
5122	0 4
5123	2
5124	0
5125	2
5126	4
5127	2 0
5128	2 5
5129	0 4
5130	2 3
5131	2 5
5132	2 0 1
5133	2
5134	0
5135	3 4
5136	3
5137	2
5138	2
5139	2
5140	2
5141	3
5142	0 4
5143	2 3
5144	2
5145	2 5
5146	0 4
5147	2 5
5148	4
5149	2
5150	2
5151	0 4
5152	2
5153	2
5154	2
5155	0
5156	0 4
5157	0
5158	3
5159	0 4
5160	2 4
5161	3
5162	0
5163	5
5164	2 4
5165	2 0 4 5
5166	2
5167	2
5168	0
5169	4 5
5170	0 4
5171	3 1
5172	2
5173	2
5174	2 5
5175	0 4
5176	2 3
5177	2
5178	0 5
5179	0 4
5180	4
5181	3 4
5182	2 0
5183	2 0 5
5184	2
5185	0 4
5186	2 0
5187	0 4
5188	0 4
5189	4
5190	2
5191	2 5 1
5192	0 4
5193	2
5194	0 4
5195	0
5196	4
5197	4
5198	0 4
5199	3
5200	0 2 5
5201	0
5202	3 4 1
5203	2 0 4 5
5204	0 4
5205	3
5206	3
5207	0 4
5208	0
5209	2 5
5210	0
5211	5
5212	2 4
5213	2 4
5214	2 5 1
5215	0 5
5216	2 3 1
5217	0
5218	0
5219	5
5220	2
5221	2 0 5
5222	2
5223	2
5224	3 1
5225	2 0 5
5226	4
5227	4 5
5228	0
5229	3
5230	3
5231	3
5232	3
5233	2 4 5
5234	2 5 1
5235	3
5236	2 0 4
5237	2 5
5238	0 4
5239	2 1
5240	0 5
5241	3
5242	4
5243	4 1
5244	5
5245	2 1
5246	4 5
5247	3
5248	0 4
5249	2 5
5250	1
5251	2 4
5252	2
5253	0
5254	2 4
5255	0
5256	0 4
5257	2 0 4
5258	3
5259	4
5260	3
5261	4
5262	3
5263	0 4
5264	0
5265	0 4
5266	0
5267	3 1
5268	5
5269	3
5270	2
5271	0
5272	0 4
5273	0
5274	2
5275	0 5
5276	4
5277	0 4
5278	0
5279	0
5280	2
5281	0
5282	0 3
5283	3
5284	2 5
5285	0
5286	0 4
5287	4
5288	0
5289	4
5290	2 3 5
5291	2 5 1
5292	2 4
5293	3
5294	4
5295	2
5296	4
5297	1
5298	0 4
5299	3
5300	2 4
5301	4
5302	0 4
5303	4 5
5304	2 0 5
5305	2 5
5306	3
5307	0 4
5308	0
5309	0
5310	0 4
5311	2 4
5312	3 4 1
5313	0
5314	2 0 5
5315	4
5316	2
5317	3
5318	0 4
5319	5
5320	5
5321	0
5322	0
5323	0 4
5324	3 1
5325	0 4
5326	0
5327	0
5328	0 4
5329	0 4
5330	4
5331	3
5332	0 4
5333	0 4
5334	2
5335	2 4
5336	0
5337	4 5
5338	0
5339	0 4
5340	3 1
5341	3
5342	2 0
5343	4 5
5344	4
5345	2
5346	2
5347	0
5348	0
5349	2 5
5350	5
5351	2
5352	0 4
5353	2 5
5354	3 1
5355	0 3 1 5
5356	0 4
5357	4
5358	0
5359	2 1
5360	0
5361	5
5362	0
5363	0
5364	0 4
5365	2
5366	0
5367	0
5368	2 1
5369	2 4 5
5370	2 3 4
5371	0
5372	2 4
5373	0
5374	2
5375	0
5376	3
5377	2
5378	2
5379	0
5380	0
5381	0 1
5382	0 4
5383	2 5
5384	0
5385	3
5386	2 4
5387	5
5388	3
5389	2
5390	2 0 5
5391	0
5392	0 4
5393	2 4
5394	2 4
5395	2 3
5396	3
5397	2 0 5
5398	0 4
5399	4 5 1
5400	2
5401	2 5
5402	2 0 4
5403	0 5
5404	3
5405	2 4 1
5406	4
5407	0
5408	0
5409	0 4
5410	0 4
5411	0 4
5412	3
5413	2 3
5414	0
5415	0 4
5416	5
5417	3
5418	0 4
5419	0 4
5420	0 5
5421	0
5422	0
5423	3
5424	0
5425	0 4
5426	0
5427	2 1
5428	2 5
5429	0 4 5
5430	2 4
5431	2 5 1
5432	4
5433	0 4
5434	2
5435	2 4 5
5436	2 0 5
5437	0 4
5438	0 4
5439	0
5440	2
5441	0 4
5442	0
5443	4
5444	0
5445	0
5446	2 3 1
5447	2
5448	2
5449	3
5450	0 4
5451	3 4
5452	2 4 1
5453	0 4
5454	0
5455	4
5456	4
5457	4
5458	0
5459	0 4
5460	5
5461	2 4
5462	3
5463	0
5464	0 5
5465	2
5466	2
5467	5
5468	0
5469	5
5470	4
5471	0
5472	3
5473	3
5474	0 4
5475	0
5476	3
5477	5
5478	3
5479	0 4
5480	0 4
5481	3
5482	3
5483	0 5 1
5484	0
5485	2 5
5486	0 4
5487	4
5488	0 4
5489	0 1
5490	1
5491	0
5492	2 0 4
5493	3
5494	3
5495	4 1
5496	3
5497	3
5498	3
5499	2 4
5500	3
5501	5
5502	2 4
5503	3
5504	2
5505	3
5506	3
5507	0 4
5508	2
5509	5
5510	2
5511	3 5
5512	2
5513	3
5514	0
5515	0
5516	5
5517	2 4 1
5518	3
5519	0 4
5520	0 4
5521	0 3 4
5522	4 1
5523	5
5524	0 4
5525	0
5526	0
5527	0 1
5528	0
5529	4 5
5530	4
5531	2
5532	0 4
5533	0
5534	0 4
5535	2 5
5536	0 4
5537	0 1
5538	0 4
5539	0 4
5540	0 4
5541	2 3
5542	0 4
5543	0
5544	0
5545	4
5546	0 4
5547	0 4
5548	5
5549	5
5550	0
5551	3 4
5552	0 4
5553	3 4
5554	0
5555	4
5556	0
5557	2 5 1
5558	3 4 1
5559	0 4
5560	0 4
5561	5
5562	0
5563	0 4
5564	2
5565	2
5566	2 4 5
5567	0 4
5568	4
5569	4 5
5570	0
5571	5
5572	0
5573	0 4
5574	0 4
5575	0 4
5576	3
5577	0
5578	0
5579	3 4
5580	3
5581	3
5582	4
5583	0 2 4 5
5584	0 4
5585	0
5586	2 4
5587	0
5588	2
5589	5
5590	3 4
5591	2 1
5592	3 1
5593	0 4
5594	2 1
5595	0
5596	0 5
5597	5
5598	2 0 5
5599	3
5600	4
5601	0 4
5602	0 4
5603	0
5604	0 4
5605	1
5606	2 4
5607	3
5608	4
5609	0 4
5610	3
5611	3
5612	3
5613	0
5614	0 4
5615	0
5616	0 4
5617	4
5618	2
5619	0 4
5620	0 5
5621	0 4
5622	3
5623	2 5 1
5624	2
5625	3
5626	5
5627	0 4
5628	0
5629	4
5630	0 4 5
5631	2 5
5632	0 5
5633	0 4
5634	0 4
5635	0
5636	0 5
5637	3
5638	4 5 1
5639	2
5640	0 4
5641	0 4
5642	2
5643	2 4 5
5644	5
5645	0 1
5646	0 4
5647	0 5
5648	2
5649	5
5650	2 1
5651	0
5652	5
5653	2 4 1 5
5654	2 4
5655	4 5
5656	3
5657	0
5658	3 4
5659	0 4
5660	0 4
5661	0 4
5662	0
5663	0 4
5664	3
5665	2 4
5666	0
5667	0
5668	4
5669	2
5670	3
5671	0 4
5672	3
5673	3
5674	0 4
5675	2 5
5676	0
5677	5
5678	3
5679	4
5680	2
5681	0
5682	2 1
5683	2 3
5684	4
5685	2 5
5686	3 4
5687	4 5
5688	2 0
5689	1
5690	2 5
5691	1
5692	0
5693	3
5694	3
5695	3
5696	0 4
5697	0
5698	0
5699	3
5700	5
5701	2 5
5702	2
5703	2
5704	0 4
5705	0 4
5706	0
5707	3
5708	0 5
5709	3
5710	0
5711	0
5712	2
5713	2 3 1
5714	2 5
5715	4 1
5716	0
5717	0
5718	5 1
5719	2 0 3 1
5720	3
5721	2 5
5722	0 4
5723	0 4
5724	0
5725	0 4
5726	0
5727	2 1
5728	3
5729	5
5730	0
5731	1
5732	2
5733	2 4
5734	5
5735	2 4 5
5736	2
5737	0
5738	2 5 1
5739	0 4
5740	0
5741	0 4 5
5742	4
5743	1
5744	4
5745	0
5746	0
5747	2 5 1
5748	2 5 1
5749	4
5750	4
5751	0
5752	0 4
5753	2 5 1
5754	0 4
5755	2 4 5
5756	2
5757	0
5758	0 4
5759	0 4
5760	2 5
5761	5
5762	0
5763	0
5764	4 5
5765	2
5766	4 5
5767	0
5768	3
5769	0
5770	2 5
5771	2 5 1
5772	0 4
5773	5
5774	0
5775	0
5776	0
5777	0
5778	4
5779	4
5780	4
5781	2
5782	1
5783	3 4
5784	0 4
5785	0
5786	4
5787	0 4 5
5788	4
5789	2
5790	4
5791	0
5792	2
5793	3
5794	0 4
5795	0
5796	3
5797	0
5798	2 1
5799	5
5800	2 1
5801	0 4
5802	0 4
5803	2
5804	5
5805	2 4
5806	0 4
5807	0
5808	1
5809	4
5810	0 4
5811	3
5812	0
5813	0
5814	2 4 1 5
5815	0 4
5816	3 4 5
5817	3
5818	3 4
5819	3
5820	2 5
5821	3
5822	3
5823	4
5824	2 5
5825	0
5826	0 4
5827	0
5828	2
5829	3 1
5830	2
5831	3
5832	0 4
5833	2 5
5834	3
5835	3
5836	1
5837	0 5
5838	2
5839	3 1
5840	0
5841	0 4
5842	2
5843	5
5844	0 4
5845	2 5
5846	0
5847	3
5848	0 5
5849	2 5 1
5850	0
5851	0
5852	2
5853	2
5854	2 1
5855	1
5856	0
5857	4
5858	3
5859	3
5860	2 1
5861	3
5862	0
5863	0 4
5864	3
5865	3
5866	0
5867	2 1
5868	0 4
5869	2
5870	2 5
5871	1
5872	2
5873	0 4
5874	0 4
5875	2 5 1
5876	2
5877	2
5878	0
5879	0 4
5880	3 1
5881	2 4 1
5882	2
5883	2
5884	2
5885	3
5886	2 4
5887	3
5888	2
5889	2
5890	4
5891	2
5892	2
5893	5
5894	3
5895	0
5896	2
5897	2
5898	2
5899	0
5900	2
5901	2 0
5902	3
5903	2 1 5
5904	0
5905	0
5906	0 5
5907	0
5908	2 0
5909	5
5910	3
5911	0 4
5912	4
5913	0
5914	0
5915	0 4
5916	2
5917	0
5918	4
5919	4 5
5920	0 4
5921	0 4
5922	2
5923	0
5924	2
5925	2 4 5
5926	3
5927	0 4
5928	2
5929	2
5930	2
5931	2 5
5932	2 3 1
5933	4
5934	2 5 1
5935	2 5
5936	2 5
5937	2 4 5
5938	2
5939	0 4
5940	2 5
5941	4
5942	0 4
5943	0 4
5944	4
5945	0
5946	3
5947	0
5948	3
5949	4
5950	0
5951	5
5952	2
5953	3
5954	0 4
5955	0
5956	2
5957	0
5958	4
5959	0
5960	0 4
5961	0 4
5962	2 4
5963	2 3
5964	2
5965	2
5966	2
5967	0
5968	2
5969	3
5970	2
5971	0
5972	3
5973	3 1
5974	2 5
5975	2 5
5976	3
5977	2 4
5978	5 1
5979	0
5980	2
5981	3
5982	0
5983	2
5984	0
5985	3
5986	2 5 1
5987	0
5988	0 4
5989	2 4 5 1
5990	0 1
5991	4
5992	2
5993	2 0
5994	2 5
5995	2
5996	4 5
5997	0
5998	2
5999	0 4
6000	0 4
6001	4
6002	0 4
6003	4
6004	3
6005	4 5
6006	2 3 5
6007	2
6008	1
6009	2 1
6010	0 4
6011	4 1
6012	2 0 4
6013	0
6014	2 5 1
6015	3
6016	3
6017	2 4
6018	4
6019	2 5 1
6020	2 1
6021	0 4
6022	4 1
6023	2 3
6024	3 1
6025	2 3 1
6026	2 5
6027	0 4
6028	0 4
6029	2 5
6030	2
6031	2 5 1
6032	1
6033	2 4 1
6034	3
6035	4
6036	3 4 1
6037	5
6038	3 1
6039	0 4
6040	4
6041	2
6042	4 5
6043	2 1
6044	3
6045	2
6046	0 4
6047	2
6048	1
6049	0
6050	0 4
6051	3 4
6052	4
6053	5
6054	2
6055	4
6056	2 3 4
6057	3 4
6058	3
6059	5
6060	2 4 1
6061	2 5
6062	3
6063	4 5
6064	4 5
6065	0
6066	0
6067	2 3 1
6068	4
6069	0
6070	0
6071	0
6072	0
6073	0 4
6074	2
6075	2
6076	2
6077	2
6078	2
6079	3
6080	2
6081	2
6082	4
6083	4 5
6084	0 4
6085	2 5
6086	2 5
6087	2
6088	2 5
6089	2 5 1
6090	2 5
6091	2 5 1
6092	5
6093	0
6094	0 4
6095	2 3
6096	2
6097	0 5
6098	2
6099	0 4
6100	4 5
6101	3
6102	3
6103	0 4
6104	0
6105	2 5
6106	2 5
6107	5
6108	2 5
6109	2 5
6110	2 5 1
6111	2 5
6112	4 5
6113	4 1
6114	0 5
6115	5
6116	2 1
6117	4
6118	2 4
6119	2
6120	5
6121	4 1
6122	0
6123	2 5
6124	0 4
6125	2 5
6126	2 5
6127	2 3 1
6128	5
6129	0 4
6130	0 4
6131	2 1
6132	2
6133	2 5
6134	2 5
6135	4
6136	2
6137	2 5
6138	1
6139	2 5
6140	2 5
6141	2
6142	2
6143	3 5 1
6144	2
6145	0 4
6146	2 5
6147	2 4 5
6148	2
6149	2
6150	2
6151	0
6152	4
6153	3 4
6154	2
6155	0
6156	2
6157	4 5
6158	3
6159	0 4
6160	2 0 4
6161	2
6162	3 4
6163	3 4
6164	3
6165	2
6166	3
6167	0 4
6168	2
6169	4
6170	4
6171	0
6172	2
6173	0 4
6174	2 1
6175	2 5 1
6176	2 5
6177	4 1
6178	2 1
6179	4
6180	3
6181	4 1
6182	3
6183	2 3 1
6184	0
6185	0
6186	0 4
6187	4 5 1
6188	2 1
6189	0 4
6190	0 4
6191	2
6192	2 4
6193	3
6194	0
6195	1
6196	4
6197	2
6198	0 4
6199	0
6200	4
6201	0 4
6202	1
6203	0
6204	0 4
6205	0 4
6206	0
6207	4
6208	0
6209	3 4
6210	3
6211	0
6212	3 4
6213	3
6214	3
6215	0
6216	5 1
6217	1
6218	3 4
6219	4
6220	2
6221	4 5
6222	4
6223	4 5
6224	3
6225	5
6226	4
6227	2
6228	1
6229	0
6230	3
6231	3
6232	0
6233	2 4
6234	2
6235	2
6236	0
6237	2
6238	4
6239	2
6240	5
6241	2 4
6242	2 5
6243	3
6244	2 3 1
6245	0 3
6246	0
6247	3
6248	2
6249	2
6250	2
6251	0 4
6252	3
6253	3
6254	2 4 5
6255	3
6256	2 1
6257	0 4
6258	0
6259	0 3 4
6260	0
6261	0 5
6262	0 4
6263	5
6264	2 5
6265	0 5
6266	2 0
6267	0 4
6268	0 4
6269	0 4
6270	3
6271	1
6272	0
6273	2
6274	2
6275	2
6276	2 4
6277	2
6278	2
6279	2 4
6280	2
6281	2 4
6282	3 1
6283	2
6284	2 4 5
6285	2
6286	2
6287	0
6288	2 1
6289	2 1
6290	2 4
6291	2 4
6292	0
6293	2 5
6294	2
6295	2 4
6296	3
6297	2
6298	0
6299	5
6300	2
6301	2
6302	2
6303	2
6304	2
6305	2 5
6306	2 4
6307	2
6308	0 4
6309	0 4
6310	2
6311	3 1
6312	2 0 5
6313	2
6314	0 3 4
6315	3
6316	0 4
6317	0 3
6318	0 4
6319	0 4
6320	0 5
6321	2
6322	2
6323	3
6324	2
6325	3 4
6326	0
6327	3
6328	2 5
6329	4
6330	3
6331	5
6332	3
6333	2 5
6334	3
6335	1
6336	5 1
6337	0
6338	4
6339	3 4
6340	2 3
6341	2 4
6342	2 5
6343	2 5
6344	0
6345	1
6346	0
6347	0
6348	0
6349	3
6350	2
6351	4 5
6352	0
6353	0 4
6354	3
6355	2
6356	3
6357	2 5
6358	2 5 1
6359	4
6360	2
6361	3 4
6362	2
6363	2
6364	0 5
6365	2
6366	0 4
6367	4
6368	3
6369	3
6370	2 1
6371	2 3
6372	4
6373	0
6374	2 3 5
6375	0 4
6376	3
6377	0 1
6378	2
6379	2 4
6380	0
6381	4
6382	2 3 1
6383	2 5
6384	2 5
6385	0 4
6386	0
6387	5
6388	2 4 5
6389	2
6390	2 5
6391	0 4
6392	2 1
6393	0
6394	4 5 1
6395	0
6396	0
6397	0 4
6398	3 1
6399	2
6400	3 1
6401	2 3
6402	0
6403	5
6404	2 5 1
6405	3
6406	2 5
6407	4 1
6408	2 0
6409	4 5
6410	3
6411	5
6412	2
6413	2 5
6414	2 1
6415	5
6416	3
6417	0 4
6418	0 4
6419	4
6420	2 1
6421	2
6422	2
6423	0
6424	0
6425	3
6426	0 4
6427	0 4
6428	2 4 5
6429	2
6430	5
6431	2 0 5
6432	2
6433	0 4
6434	1
6435	2 4
6436	2
6437	4 5
6438	3
6439	3 1
6440	2 5
6441	4 5
6442	5
6443	2 5 1
6444	5
6445	0
6446	0 5
6447	0 4
6448	5 1
6449	3 1
6450	3 1
6451	2 4
6452	0 4
6453	1
6454	2
6455	2
6456	2
6457	1
6458	2 4
6459	2 1
6460	3
6461	2 5
6462	5 1
6463	2
6464	5
6465	5
6466	4 5
6467	2
6468	0 5 1
6469	5
6470	2 4
6471	2 0 5
6472	2 5
6473	2
6474	2 3 5
6475	2
6476	3
6477	2 5
6478	2 5
6479	2
6480	2 4
6481	2 1
6482	0
6483	2 5 1
6484	2 4
6485	2 5
6486	2 4
6487	0 3
6488	2
6489	0 4
6490	2
6491	5
6492	2
6493	1
6494	4 1
6495	2 4
6496	0
6497	3
6498	3
6499	2
6500	2 5 1
6501	3
6502	3
6503	3
6504	2
6505	2 5
6506	0 4
6507	4
6508	2
6509	2 3
6510	0 4
6511	3
6512	3
6513	0 4
6514	2 5 1
6515	4
6516	3
6517	3
6518	3
6519	4 5
6520	3
6521	4 5
6522	2
6523	3
6524	2
6525	2 5 1
6526	2 5
6527	2 3
6528	2 1
6529	0 4
6530	2 4
6531	3
6532	3 4
6533	3
6534	2 4
6535	2
6536	2 4 1
6537	2
6538	2 4
6539	4
6540	2 5
6541	0 4
6542	0 4
6543	3
6544	0 4
6545	4
6546	2
6547	2
6548	3 4
6549	3 4
6550	1
6551	0 4
6552	0 5
6553	0
6554	0 4
6555	3
6556	0 4
6557	3 1
6558	3 1
6559	3
6560	2 4 1
6561	3 4
6562	2 4
6563	2 5 1
6564	2
6565	2 4
6566	2
6567	3
6568	3
6569	2 3 1
6570	4 5
6571	2 5 1
6572	0
6573	3 4
6574	2 4
6575	4
6576	0
6577	3 5 1
6578	2 4
6579	3 5
6580	0 4
6581	2 4
6582	2 4
6583	2 3 4
6584	0 4
6585	2 4
6586	0 5
6587	5
6588	2 3 1
6589	2
6590	3
6591	3 1
6592	2
6593	2 5
6594	4
6595	3 4
6596	2 4
6597	2 1
6598	4 5
6599	2 4 5
6600	3
6601	0
6602	2 5
6603	3
6604	2 5
6605	0 4
6606	4
6607	0
6608	2 4 5
6609	3
6610	2 1
6611	2 4
6612	4
6613	4
6614	2
6615	4 5
6616	2
6617	0 4 5
6618	3
6619	2 5
6620	3
6621	2 5
6622	0
6623	2 5 1
6624	1
6625	0 3
6626	2
6627	3 1
6628	4 1
6629	4
6630	2
6631	2
6632	3 4
6633	0
6634	1
6635	2 0
6636	2 1
6637	0 4
6638	2 1
6639	3
6640	0 4
6641	3
6642	2 4
6643	0
6644	0 4
6645	4
6646	0
6647	2
6648	4
6649	0
6650	2 4
6651	4
6652	3
6653	4
6654	0 4
6655	2
6656	0 4
6657	3 1
6658	4
6659	5
6660	0 4
6661	0 4
6662	4 5
6663	0 4
6664	2 3 1
6665	3 4
6666	2
6667	4 1
6668	3
6669	2
6670	1
6671	5
6672	2
6673	3
6674	5
6675	0
6676	2 3 1
6677	3 4
6678	3
6679	2
6680	0
6681	2 5
6682	2
6683	0 4
6684	0 4
6685	3
6686	1
6687	0
6688	0
6689	2
6690	2 1
6691	2 1
6692	5
6693	2 1
6694	0
6695	0 4
6696	0
6697	4
6698	2 1
6699	2 1
6700	2 5
6701	2 5
6702	4
6703	2 5 1
6704	3 1
6705	2 5
6706	4
6707	2
6708	2 0 4
6709	2
6710	0 4
6711	2 4 1 5
6712	2 5 1
6713	0 4
6714	3 1
6715	2 3 5
6716	0 4
6717	3 4
6718	0
6719	4
6720	2
6721	2 4 5
6722	2 5
6723	0
6724	2 5 1
6725	5
6726	2 5
6727	4
6728	2 0 4
6729	2 5 1
6730	3
6731	2
6732	3
6733	1
6734	1
6735	0
6736	3
6737	2
6738	0 4
6739	0 4 5
6740	2
6741	3
6742	3
6743	2 1
6744	2
6745	3 5
6746	2 1
6747	2
6748	5
6749	4 5
6750	0 1
6751	2
6752	2
6753	0 4
6754	2
6755	3
6756	3
6757	2
6758	2
6759	2 3
6760	0 4
6761	2
6762	2
6763	2
6764	4 1
6765	3 1
6766	1
6767	2
6768	2
6769	3
6770	2
6771	2
6772	2
6773	2
6774	0 4 5
6775	2
6776	2
6777	3
6778	3 4
6779	5
6780	2
6781	2
6782	2
6783	2
6784	2 1
6785	3
6786	2
6787	4
6788	5
6789	1
6790	2
6791	5
6792	2 5
6793	2 4 5
6794	3
6795	2 1
6796	4
6797	2 3
6798	0 3
6799	3
6800	2 5
6801	3 1
6802	2 4
6803	1
6804	1
6805	5 1
6806	2
6807	3 4
6808	2
6809	0 4
6810	0
6811	2
6812	2
6813	0 4
6814	0 4
6815	0 4
6816	0
6817	0 4
6818	0 4
6819	2 0 5
6820	2 5
6821	5
6822	0
6823	2 3
6824	2 4
6825	2
6826	0 5 1
6827	2
6828	1
6829	2
6830	4 5
6831	3
6832	2 4
6833	3
6834	2 1
6835	2
6836	3
6837	3
6838	3 4
6839	3
6840	0 4
6841	2 5
6842	2
6843	2 5 1
6844	0
6845	5
6846	0 4 5
6847	3
6848	2 5 1
6849	0 4
6850	3 4
6851	2 1
6852	5 1
6853	2
6854	0 4
6855	2
6856	0
6857	2 5
6858	2
6859	3 4
6860	4
6861	5
6862	3 5
6863	2
6864	2
6865	2
6866	2
6867	2 4 5
6868	0
6869	2 1
6870	5
6871	0 4
6872	0
6873	2
6874	4 5
6875	5
6876	2
6877	2
6878	2 0
6879	2 0 4
6880	0
6881	1
6882	0
6883	3
6884	0
6885	0 4
6886	3 4
6887	0 4 1 5
6888	2 1
6889	4 5
6890	2 1
6891	0 4
6892	4
6893	4
6894	2
6895	0 4
6896	1
6897	2
6898	3
6899	2
6900	2
6901	4
6902	0
6903	4
6904	5
6905	2 5 1
6906	3 4
6907	2
6908	0
6909	3
6910	4 1 5
6911	0 4
6912	2 5
6913	0 4
6914	5
6915	2
6916	0
6917	5
6918	2 4
6919	4 5
6920	3 1
6921	2
6922	0 4
6923	4
6924	2
6925	2
6926	2
6927	0 4
6928	2
6929	0 4
6930	0
6931	3
6932	2
6933	0
6934	3
6935	3
6936	2 5 1
6937	5
6938	4 5
6939	5
6940	5
6941	4
6942	3 1
6943	2 3 5
6944	4 5
6945	3
6946	0
6947	2 4 5
6948	2
6949	2 4
6950	0 4
6951	3
6952	2 5
6953	4 5
6954	3 5
6955	2 4
6956	3
6957	2
6958	2
6959	3
6960	2 0
6961	0
6962	2 1
6963	2 1
6964	2 4
6965	2 1
6966	2
6967	2 5
6968	2 3 1
6969	0
6970	0
6971	0 5
6972	4 5
6973	2
6974	4
6975	1
6976	3 4
6977	3
6978	0 4
6979	0 4
6980	3 4
6981	2 4
6982	0 4
6983	4
6984	0
6985	2 4
6986	2 3
6987	2
6988	0
6989	0
6990	3
6991	2
6992	2
6993	2 5
6994	1
6995	2 1
6996	0 4
6997	0 4
6998	5
6999	3
7000	3 1
7001	0 4
7002	0
7003	2
7004	4
7005	2
7006	2 5
7007	2 1
7008	2 5 1
7009	2 5 1
7010	3
7011	2 5
7012	2 5
7013	2 0 5 1
7014	3
7015	2 5
7016	0 4
7017	2
7018	2 1
7019	0 4
7020	4 1
7021	4
7022	0
7023	3
7024	2 5
7025	0
7026	0 4
7027	0 4
7028	2
7029	4
7030	4
7031	0
7032	2 1
7033	5
7034	5
7035	2
7036	0
7037	2 3
7038	4
7039	0
7040	2 3
7041	2
7042	2
7043	2
7044	2 0 5
7045	0 4
7046	1
7047	2 4
7048	2 4
7049	2
7050	2 5
7051	2 0 5
7052	0
7053	2 3
7054	0 4
7055	0 4
7056	2 4 5
7057	0 4 5
7058	2 5 1
7059	4 1
7060	2
7061	0
7062	4
7063	3
7064	0 4
7065	4 5
7066	0
7067	2 4
7068	0 4
7069	4 5
7070	3
7071	4
7072	1
7073	0 4
7074	2 1
7075	2 1
7076	0
7077	4
7078	0 4
7079	3
7080	1
7081	0 4
7082	2 5 1
7083	0 3 4
7084	2
7085	1
7086	0
7087	0 4
7088	3
7089	2 5
7090	2
7091	2 5
7092	2 5
7093	0 4
7094	3 1
7095	0 4
7096	2 5
7097	0
7098	1
7099	0 4
7100	0
7101	0 3 4
7102	2 5
7103	0 4
7104	2 4
7105	2
7106	2 5
7107	2
7108	2 5 1
7109	2 4 5
7110	1
7111	2 4
7112	1
7113	2
7114	4
7115	3
7116	4
7117	2 1
7118	2
7119	0 4
7120	1
7121	3 4
7122	0
7123	3
7124	3
7125	2 0
7126	0 4
7127	2 1
7128	1
7129	0
7130	3 1
7131	2
7132	0 1
7133	2 0
7134	0
7135	2
7136	2 1
7137	2
7138	4 5
7139	2
7140	0 4
7141	4
7142	0
7143	2 0 5
7144	0
7145	2
7146	2 5
7147	2
7148	0
7149	4 5
7150	5
7151	3 1
7152	2
7153	3 4
7154	4 5
7155	4 1
7156	3
7157	3
7158	2
7159	2 4
7160	2
7161	4
7162	2 4
7163	3 4
7164	3
7165	1
7166	2
7167	5
7168	3
7169	0
7170	1
7171	1
7172	5
7173	5
7174	2 5
7175	0
7176	2
7177	2
7178	2
7179	2
7180	0
7181	1
7182	3 4
7183	3 4
7184	5
7185	2 4
7186	4 5
7187	4
7188	4
7189	3 1
7190	3
7191	2 1
7192	3 4
7193	3 1
7194	0 4
7195	3
7196	2 4 5
7197	3
7198	0
7199	2
7200	4
7201	2 4
7202	0 5
7203	0 4
7204	1
7205	3 4
7206	3
7207	2 4
7208	0 4
7209	0 5
7210	3
7211	3 4
7212	5
7213	3
7214	4 5
7215	4 5
7216	2 5
7217	0
7218	2
7219	2
7220	2 3
7221	2
7222	2 1
7223	2 5
7224	5
7225	5
7226	5
7227	1 5
7228	2
7229	2 4 5
7230	2
7231	1
7232	3
7233	3
7234	3
7235	0 4
7236	3
7237	0
7238	2
7239	0
7240	0 4
7241	0 4
7242	0 4
7243	0 4
7244	0 4
7245	0 4
7246	5
7247	1
7248	5
7249	5
7250	2 4
7251	0 4
7252	0
7253	0 4
7254	2 4
7255	3
7256	0
7257	0
7258	2
7259	0 5
7260	0 4
7261	0
7262	3 4 5
7263	0 3 1
7264	2
7265	0
7266	2
7267	3
7268	0
7269	0
7270	4
7271	0 5
7272	0 4
7273	2
7274	2 3 1
7275	4
7276	4 1
7277	5 1
7278	2
7279	2
7280	0
7281	0
7282	2 5
7283	5
7284	3
7285	2 5
7286	4 1
7287	3
7288	5
7289	5
7290	3
7291	2 0
7292	3
7293	3
7294	2
7295	2 0
7296	0
7297	0
7298	0
7299	0
7300	0 4
7301	0
7302	0 3
7303	5 1
7304	2
7305	0
7306	3
7307	3
7308	5
7309	2 4 5
7310	2 5
7311	2 5
7312	2 4 1
7313	4 5
7314	0
7315	2 4
7316	2
7317	4
7318	3
7319	0 4
7320	0 5
7321	0 4 5
7322	2 0 4
7323	4
7324	3 1
7325	0 4
7326	0
7327	0
7328	3 1
7329	2
7330	4
7331	2
7332	4 5
7333	2
7334	0
7335	0 4
7336	4 5
7337	5
7338	5
7339	2 5
7340	2 5
7341	5
7342	0 4
7343	5
7344	0
7345	0
7346	3
7347	2 3
7348	1
7349	3
7350	2 4 5
7351	5
7352	5
7353	3 4
7354	2
7355	3 1
7356	1
7357	3
7358	3
7359	3 1
7360	3
7361	2
7362	3
7363	0 4
7364	2
7365	0
7366	0 4
7367	5
7368	5
7369	0
7370	2 5
7371	4
7372	0
7373	0 4
7374	4
7375	5
7376	2
7377	2 0
7378	2
7379	2 4
7380	3 1
7381	2
7382	2 4
7383	2 4
7384	2 4
7385	2 4
7386	2 4
7387	2 4
7388	4
7389	5
7390	2 4
7391	2 4 5
7392	4 5
7393	4
7394	0
7395	4
7396	2
7397	5
7398	0 4
7399	0 4
7400	5
7401	2 4
7402	2 3
7403	5
7404	3
7405	3
7406	3
7407	3
7408	3
7409	4
7410	3 1
7411	0 4
7412	2
7413	3 5
7414	2 3
7415	3
7416	2
7417	2 5
7418	2 5
7419	2 5
7420	2 5
7421	2 0
7422	2
7423	3 1
7424	0 4
7425	2 0 4 5
7426	0
7427	2 4
7428	0
7429	0
7430	4 1
7431	0 4 1
7432	0
7433	5
7434	0 4
7435	2 1
7436	3
7437	2
7438	4
7439	5
7440	3 4
7441	0
7442	2
7443	2 0
7444	0
7445	2
7446	5 1
7447	0 4
7448	2 4 5 1
7449	0
7450	0
7451	2 3 1
7452	2
7453	2
7454	2
7455	2 5
7456	2 4 5
7457	2 5
7458	5
7459	1
7460	3 4
7461	0
7462	3
7463	3
7464	3
7465	2 5
7466	5
7467	2 1
7468	0
7469	3
7470	0 4
7471	2 1
7472	2 5
7473	0 4 5
7474	3
7475	2 3 4
7476	0
7477	0
7478	0 4
7479	3 5
7480	0 2 4
7481	2
7482	0 4
7483	3
7484	2 0 4
7485	2 3
7486	0 4
7487	3 4 1
7488	3
7489	0
7490	0
7491	0
7492	2
7493	2
7494	0 5
7495	3 5
7496	0 4
7497	2
7498	2
7499	4
7500	5
7501	4 5
7502	4
7503	0
7504	0 4
7505	0 4
7506	3 4
7507	4 5
7508	0 5
7509	0
7510	2 4 5
7511	2 5 1
7512	2 5
7513	2 3 5 1
7514	1
7515	0
7516	5
7517	2
7518	5
7519	2 1
7520	5
7521	5
7522	0
7523	5
7524	3 4 1
7525	2 1
7526	2 5 1
7527	2
7528	3 4
7529	2 5
7530	5
7531	2 1
7532	2 5
7533	2
7534	2
7535	2 4
7536	2 4
7537	0 4
7538	0 4
7539	3 1
7540	3
7541	0
7542	4 1
7543	2
7544	0 4
7545	2 5 1
7546	1
7547	4
7548	0
7549	0 5
7550	2 5
7551	1
7552	0 4
7553	0 4
7554	0 4 5
7555	2
7556	0
7557	0 4
7558	0 4
7559	0 4
7560	2
7561	5
7562	2 5 1
7563	0
7564	5
7565	0 4
7566	2
7567	2
7568	2 4
7569	1
7570	4 5
7571	4
7572	0 4
7573	4 5
7574	2 1
7575	2
7576	3
7577	4
7578	0
7579	0 4
7580	5
7581	5 1
7582	2 5
7583	1
7584	2
7585	2
7586	4 5
7587	4
7588	2
7589	4
7590	0 4
7591	5
7592	2 0
7593	2
7594	0 4
7595	0
7596	4 1
7597	0 4
7598	0 4
7599	2 5
7600	5
7601	2 3 4
7602	0 4
7603	0 4
7604	4
7605	4 5
7606	3
7607	4 5
7608	4 5
7609	4 5
7610	3
7611	2 0 5
7612	4
7613	3 4
7614	0 4
7615	0 4
7616	0
7617	4 5
7618	0
7619	0
7620	0
7621	0 4
7622	0 4
7623	0
7624	2 3
7625	0 4
7626	2
7627	2 5
7628	0 4
7629	3
7630	2
7631	1
7632	4 5
7633	4 5
7634	3 1
7635	3 1
7636	3 1
7637	0 5
7638	2 3
7639	2 3
7640	0
7641	3 4
7642	0 4
7643	5
7644	4 5
7645	0 4
7646	0 4
7647	0
7648	0
7649	0
7650	3
7651	4
7652	0 4
7653	3
7654	2 5 1
7655	3
7656	1
7657	0 1
7658	2 4
7659	0
7660	1
7661	2 4
7662	4 5
7663	2 5
7664	2 5
7665	5
7666	2 4
7667	2
7668	2
7669	5
7670	2 3
7671	1
7672	2
7673	2 4
7674	0 5
7675	2 5
7676	5
7677	0 4
7678	4 5
7679	4
7680	4
7681	3
7682	4 1
7683	5
7684	4 1
7685	2
7686	3 4
7687	0 4
7688	4 5
7689	4
7690	0
7691	4 5
7692	3 4
7693	3
7694	2
7695	2
7696	2 5
7697	2 5
7698	2 5
7699	2
7700	3
7701	3
7702	3
7703	3
7704	1 5
7705	5
7706	2
7707	4
7708	1
7709	0
7710	3 1
7711	0
7712	2 0 1
7713	2 5
7714	2 4 5 1
7715	4 1
7716	2
7717	2
7718	0 4
7719	3
7720	0
7721	2
7722	2 4
7723	0
7724	3
7725	4
7726	3
7727	2
7728	1
7729	0
7730	4 5
7731	0 4
7732	4
7733	2 3
7734	4 5
